,Topic 1,Topic 2,Topic 3,Topic 4,Topic 5,Topic 6
TCGA-D8-A146-01A-31D-A10Y-09,0.005109526517830127,0.005115722976638422,0.005095106658371881,0.07795433136360638,0.5722014912779384,0.3345238212056148
TCGA-EW-A2FW-01A-11D-A17D-09,0.0072711759036557895,0.007350025694416726,0.007296540487291962,0.007313294418548426,0.6486026903779374,0.32216627311814977
TCGA-A7-A0CD-01A-11W-A019-09,0.00621450355385615,0.28519015557711475,0.006194778356438462,0.006245455522220648,0.6899067494258362,0.006248357564533838
TCGA-A8-A09K-01A-11W-A019-09,0.003996586053704726,0.24235544583656346,0.0039963535772110205,0.00401666231889424,0.56885526231973,0.1767796898938966
TCGA-AR-A0U0-01A-11D-A10G-09,0.072733734909098,0.4725013388905572,0.14983660706582375,0.004824383129922012,0.29528049529470196,0.004823440709896996
TCGA-A8-A07G-01A-11W-A050-09,0.002902392711957119,0.2834708662153779,0.0029117842374077373,0.19876343605244506,0.5090467826971997,0.00290473808561241
TCGA-AR-A24Q-01A-12D-A167-09,0.0009708494361454773,0.3378073839168619,0.1236356299817648,0.535649252763861,0.0009680193255588139,0.0009688645758080728
TCGA-D8-A27R-01A-11D-A16D-09,0.14950633589924128,0.3260583746576598,0.006250526607640406,0.2723526421831233,0.23959919943935265,0.006232921212982616
TCGA-D8-A1XR-01A-11D-A14K-09,0.006974075795592086,0.17416814402547207,0.00699472241896663,0.007020158462408771,0.20354888147768077,0.6012940178198797
TCGA-B6-A0WV-01A-11D-A10G-09,0.0059853733895899154,0.006013826434750841,0.006045862844783854,0.7407702779983717,0.006040421125848792,0.23514423820665495
TCGA-E9-A1NA-01A-11D-A142-09,0.04715311880088454,0.5718180154196555,0.24892483115523656,0.1281850216458014,0.0019608560724604335,0.001958156905961692
TCGA-BH-A0BS-01A-11D-A12Q-09,0.011161449259979736,0.1160234720197392,0.011173817893804084,0.01122906960095254,0.5442210048083879,0.30619118641713655
TCGA-B6-A1KI-01A-11D-A14K-09,0.20092228201453993,0.7652970106623868,0.00841785565219222,0.008451789497045226,0.00846323291772386,0.008447829256111984
TCGA-S3-AA11-01A-31D-A41F-09,0.07276385695780829,0.6739800417068709,0.0025532761548752426,0.24559157253268268,0.0025572915988530025,0.002553961048910004
TCGA-A2-A0CR-01A-11D-A228-09,0.0013235845020277389,0.14039296756130246,0.8543004929211984,0.0013284278007370555,0.0013296337711575946,0.0013248934435768525
TCGA-AO-A03O-01A-11W-A019-09,0.0021324388306177906,0.6158723982831074,0.0021315176133814675,0.19368431589589843,0.002135097085367432,0.18404423229162756
TCGA-E2-A15L-01A-11D-A12B-09,0.005830670350518679,0.4009579661473228,0.18266910389795335,0.005798196924311383,0.005826207494519049,0.39891785518537476
TCGA-A8-A07F-01A-11W-A019-09,0.006208657993545965,0.564437719199821,0.006235140094526263,0.006236807197737579,0.4106440810548845,0.006237594459484678
TCGA-A7-A6VV-01A-22D-A33E-09,0.003467709157311719,0.30327016287581343,0.14640640291263535,0.11549581188036306,0.22004756867671385,0.21131234449716252
TCGA-A8-A095-01A-11W-A019-09,0.0010745887355587615,0.1559671076517659,0.8397364665684625,0.001072882378786351,0.0010746445719533974,0.0010743100934730821
TCGA-A2-A3XW-01A-11D-A23C-09,0.02435659535385004,0.024108685752534217,0.45634172169996773,0.13055569121188118,0.02407285557759522,0.34056445040417177
TCGA-A2-A0EO-01A-11W-A050-09,0.005786442928680324,0.23168395204480172,0.005787451231147739,0.005813103724404809,0.57115175018882,0.17977729988214547
TCGA-EW-A1J2-01A-21D-A13L-09,0.005109144424732956,0.3645022511559693,0.005133346072769381,0.0051000195562627745,0.6150482568150908,0.005106981975174897
TCGA-AR-A255-01A-11D-A167-09,0.1557947780325364,0.46537927231226683,0.24981301839101694,0.002807985914399205,0.002809603436255053,0.12339534191352543
TCGA-A8-A08P-01A-11W-A019-09,0.07118658023392797,0.0024787675665273465,0.26582418247688155,0.38047107495754556,0.0024807696214818966,0.2775586251436358
TCGA-B6-A0RT-01A-21D-A099-09,0.0033241845658614367,0.5393772979108776,0.14211208132936576,0.30859947003938043,0.0032929337081533732,0.0032940324463614306
TCGA-A2-A0CQ-01A-21W-A050-09,0.004586940708243422,0.004556584727855976,0.004536012811582272,0.4765872625126794,0.5051669709092325,0.00456622833040638
TCGA-B6-A0IE-01A-11W-A050-09,0.005258665966983587,0.5893167547158509,0.005258157324564299,0.005272661279082121,0.3896200329839372,0.005273727729581924
TCGA-BH-A0W7-01A-11D-A10Y-09,0.000792020347004657,0.0007911790446163966,0.8852255395001014,0.11160972030727062,0.000791311467758575,0.0007902293332484046
TCGA-A2-A0EQ-01A-11W-A050-09,0.0007210328362215535,0.09590395366562576,0.711816741885389,0.10126550534687521,0.0007224635833665165,0.08957030268252195
TCGA-AR-A1AS-01A-11D-A12Q-09,0.07349117842360167,0.004217212545772667,0.1279551872776521,0.1882942007670895,0.6018226396630385,0.004219581322845603
TCGA-D8-A27K-01A-11D-A16D-09,0.008409880065990217,0.008458417235604115,0.008554222284349133,0.008487267463751835,0.625621866555049,0.3404683463952558
TCGA-BH-A0BF-01A-21D-A12Q-09,0.005429763435538329,0.2241049347710432,0.0054502741698162025,0.37593995765001015,0.3836229618023344,0.0054521081712577265
TCGA-E2-A1IJ-01A-11D-A142-09,0.01125751399804146,0.6727923762028519,0.011188743241642901,0.2822282300208645,0.011264820638425956,0.011268315898173283
TCGA-BH-A1F5-01A-12D-A13L-09,0.005273869436271901,0.5574200530990301,0.005257136770688679,0.16286327392531239,0.26390982355011555,0.005275843218581366
TCGA-BH-A0B5-01A-11D-A12Q-09,0.002861721951536529,0.002857776905972651,0.6965921650305029,0.0028493734798472337,0.2217930336432575,0.07304592898888322
TCGA-A2-A0YT-01A-11D-A10G-09,0.27642685823876345,0.6496376910538665,0.05316511549940268,0.014947510215148766,0.0029081593299978615,0.0029146656628207235
TCGA-A8-A083-01A-21W-A019-09,0.07874117684551851,0.2686377610823784,0.005645289652197273,0.6357097784451964,0.00563382642634041,0.005632167548368976
TCGA-BH-A0B4-01A-11W-A019-09,0.002491752051509743,0.2549217672546754,0.0024859630623337986,0.4750899435769318,0.26253388988959425,0.0024766841649549354
TCGA-EW-A1P8-01A-11D-A142-09,0.004825643763269759,0.4118761277463188,0.00480689227547714,0.283186733211308,0.2904748000097256,0.004829802993900567
TCGA-BH-A0GZ-01A-11W-A071-09,0.005238337893549392,0.11480314830627654,0.005269963011248559,0.32590923434256963,0.543541823146715,0.005237493299641002
TCGA-A2-A0CV-01A-31D-A10Y-09,0.10449471015131401,0.29346270523583173,0.0077060480699196856,0.007653738657588655,0.007663799099929686,0.5790189987854161
TCGA-C8-A12Q-01A-11D-A10Y-09,0.07942852698766312,0.1808884437539373,0.5892094350532285,0.0014886980311254354,0.10024997266355347,0.0487349235104922
TCGA-AR-A1AL-01A-21D-A12Q-09,0.0061954207993695845,0.45462846082941116,0.10062985620075261,0.006232138668549042,0.18334420688837258,0.2489699166135451
TCGA-BH-A1F6-01A-11D-A13L-09,0.004421489183390188,0.6801732515570209,0.004454025013976464,0.004441588977543995,0.20993659235472384,0.09657305291334452
TCGA-AO-A12H-01A-11D-A10Y-09,0.00767774042665063,0.47167903978228365,0.007620709420802519,0.007662066290178131,0.49772103558116704,0.007639408498918131
TCGA-B6-A0WY-01A-11D-A10G-09,0.0070202814233922654,0.5062964479222032,0.007019616089217116,0.06825916780293062,0.40435751673628356,0.007046970025973201
TCGA-AN-A0XP-01A-11D-A117-09,0.005874656420048455,0.005817209171328511,0.2642344755835705,0.2955209348904514,0.005811554469175637,0.4227411694654254
TCGA-E9-A1NC-01A-12W-A16L-09,0.002410306775132388,0.5786976385417465,0.053971123477849214,0.3601014557902102,0.002407401510289325,0.0024120739047723363
TCGA-LL-A740-01A-21D-A32I-09,0.0035238677823124756,0.41399748029381156,0.0035190177196735327,0.0035170583860529405,0.40288012324663214,0.1725624525715173
TCGA-E2-A15S-01A-11D-A10Y-09,0.00305007408722682,0.5227055295744273,0.0878580916646549,0.2771830095232442,0.003064247597020228,0.10613904755342662
TCGA-AN-A046-01A-21W-A050-09,0.999419055657557,2.8265067025432785e-05,2.817304812159711e-05,2.8257099767736462e-05,2.8276102960081584e-05,0.0004679730245681551
TCGA-EW-A6SB-01A-12D-A32I-09,0.0028500813767972444,0.6322229990955449,0.08825322389025245,0.002856687339181703,0.0028617020174319806,0.2709553062807917
TCGA-E9-A1R5-01A-11D-A14K-09,0.0037549083063247173,0.6169347162207633,0.0037601216334954574,0.0037376810057004107,0.36807114332946494,0.003741429504251166
TCGA-Z7-A8R5-01A-42D-A41F-09,0.007286926937052699,0.007314059934682995,0.007274483318104659,0.007295081282361717,0.5043376542876911,0.4664917942401067
TCGA-BH-A1ES-01A-11D-A135-09,0.1820212221415125,0.5580412236525972,0.0077225693227861315,0.007676181363098935,0.23684324822686817,0.007695555293137099
TCGA-A8-A07U-01A-11W-A050-09,0.027125475815522146,0.39772892448282404,0.3744628888838983,0.0025565296224444147,0.19558227421449947,0.002543906980811667
TCGA-E2-A1B5-01A-21D-A12Q-09,0.0873157669330292,0.004431758790072486,0.40897481676655245,0.004430633586541269,0.40879477445851714,0.08605224946528739
TCGA-C8-A9FZ-01A-11D-A41F-09,0.008819948153406683,0.5937451276275004,0.008860925166603341,0.008883616309888964,0.3708069112522909,0.008883471490309703
TCGA-E2-A15A-06A-11D-A12B-09,0.005138673746025714,0.687497479935413,0.00509825041174199,0.005117232950808656,0.29202954260808717,0.005118820347923482
TCGA-B6-A0RG-01A-11W-A071-09,0.0028540760277713955,0.2950360548316573,0.11947670520546264,0.5769202040942982,0.0028554861887385846,0.002857473652071886
TCGA-E2-A1B0-01A-11D-A12Q-09,0.0033034157412216,0.0033074148944269625,0.07443402915496085,0.22624322961178486,0.39528782420242303,0.29742408639518275
TCGA-AO-A12A-01A-21D-A10Y-09,0.00983834424613111,0.00994280976580414,0.009857900299269348,0.009935933552085843,0.7366415452516818,0.22378346688502768
TCGA-A2-A0D2-01A-21W-A050-09,0.002007027154225386,0.002007577861281697,0.10555564432883749,0.7546218124856778,0.002008270242768989,0.13379966792720854
TCGA-AN-A04C-01A-21W-A050-09,0.0021960751550450385,0.4479380823530458,0.002190522978318821,0.002188143307494808,0.378222021203299,0.16726515500279643
TCGA-A7-A0CG-01A-11W-A019-09,0.0033017906860333475,0.44361686778606746,0.17639695141163622,0.0033018291203171356,0.3700712978377794,0.0033112631581664552
TCGA-GM-A2DI-01A-31D-A18P-09,0.002640815961409196,0.0026214488221479025,0.8886543987704414,0.002617505736587752,0.10084558138941489,0.0026202493199987955
TCGA-C8-A12K-01A-21D-A10Y-09,0.0012260808120761345,0.0647424075965903,0.2586774603455322,0.6728930179111564,0.0012301441669257793,0.0012308891677192024
TCGA-GM-A2D9-01A-11D-A18P-09,0.00033658349255747316,0.00033599727848734765,0.9023287165466651,0.0003359964146651086,0.09632594973734522,0.0003367565302796401
TCGA-A7-A26J-01B-02D-A272-09,0.008930415277560366,0.008894321550241101,0.008819982637530546,0.4950790097444935,0.4694169000309603,0.008859370759214339
TCGA-LL-A5YP-01A-21D-A28B-09,0.002246050731707259,0.3669842385426264,0.08065860580434742,0.5456159206041759,0.0022498970696886384,0.0022452872474544956
TCGA-A7-A26J-01A-11D-A272-09,0.007075794264025751,0.2696942383570021,0.007002775808877229,0.277145783170186,0.4320840259839017,0.006997382416007164
TCGA-HN-A2NL-01A-11D-A18P-09,0.0022210344145750637,0.8863075439391247,0.002213581138365075,0.10482555819232772,0.002213645343035113,0.0022186369725724006
TCGA-AR-A24O-01A-11D-A167-09,0.008069568311242455,0.6126477434436258,0.008029011827749436,0.008031482356549253,0.008037108529289131,0.35518508553154376
TCGA-A7-A26E-01B-06D-A272-09,0.004670803304188835,0.004699939952099717,0.00468446690072339,0.004713726366031401,0.9765603778327788,0.004670685644177792
TCGA-A8-A07W-01A-11W-A019-09,0.0012693581629943218,0.3464374450898541,0.0690725997327721,0.35762863942759576,0.0012686467174844107,0.2243233108692994
TCGA-AN-A0AM-01A-11W-A050-09,0.0019806171238507613,0.4331995802354777,0.06866461643138037,0.22088476942880972,0.27328494436889705,0.0019854724115844686
TCGA-AC-A5EI-01A-11D-A27P-09,0.006216403819253343,0.006240096570276978,0.0062503720763877136,0.28867696340617127,0.6863693507556969,0.006246813372213689
TCGA-LL-A7SZ-01A-32D-A351-09,0.0035223646951712435,0.16274160427751239,0.003504370501528053,0.003513913957515433,0.3183096819054132,0.5084080646628596
TCGA-A8-A09Q-01A-11W-A019-09,0.06373130627067967,0.623425972820782,0.0010788856510858076,0.19491830695361007,0.05892422756087826,0.057921300742964
TCGA-E2-A15E-06A-11D-A12B-09,0.004520806002317564,0.40281312241467776,0.08415185723888643,0.004557144265871794,0.004562436132711828,0.49939463394553457
TCGA-B6-A0IJ-01A-11W-A050-09,0.0011826244466401658,0.4538300663171682,0.13407118293352985,0.40856198582928904,0.0011762499995501077,0.0011778904738224893
TCGA-E2-A15E-01A-11D-A12B-09,0.004935283035472902,0.42880104348285036,0.0899576249886061,0.004953838385578124,0.004964698483556688,0.4663875116239358
TCGA-A8-A0A4-01A-11W-A019-09,0.008000856007693711,0.6063465589074643,0.007973719961409075,0.008004573357095325,0.36165253988908114,0.00802175187725641
TCGA-E2-A1LL-01A-11D-A142-09,0.004112537423184696,0.41703901551342476,0.004096231296911387,0.5665258933239549,0.004111447717146873,0.00411487472537731
TCGA-AN-A0FY-01A-11W-A050-09,0.003370377934255344,0.25548242167572116,0.003358930696490459,0.003367320242165088,0.5033533168289814,0.23106763262238653
TCGA-E2-A15J-01A-11D-A12Q-09,0.007289394962287075,0.66913425011352,0.007286502651181935,0.007347311644789842,0.3015909929603222,0.007351547667898884
TCGA-D8-A1XG-01A-11D-A14G-09,0.008469248255243122,0.008438449037869484,0.008410447285492888,0.27826599546139674,0.3043713012642265,0.3920445586957713
TCGA-AR-A24L-01A-11D-A167-09,0.00399089599193915,0.314148546738461,0.0040312023259165735,0.6698072077424981,0.00401748690011492,0.004004660301070145
TCGA-OL-A66O-01A-11D-A31U-09,0.007325736367138139,0.5342538130299994,0.007313305362159133,0.00732629555039763,0.2250988433027495,0.2186820063875562
TCGA-B6-A0X0-01A-21D-A10Y-09,0.2096468614404708,0.7548011724244247,0.008924928363837334,0.00886874247020904,0.008891405882500711,0.008866889418557474
TCGA-E9-A244-01A-11D-A167-09,0.0018283160514218698,0.6223572351352485,0.001830700151280596,0.3703138429073477,0.0018350395679606302,0.0018348661867406402
TCGA-BH-A0EA-01A-11D-A10Y-09,0.0059914515239569855,0.006019893837360275,0.0060394614815227204,0.006020520218255119,0.9698885276233847,0.006040145315520169
TCGA-BH-A8FZ-01A-11D-A351-09,0.00255790118916388,0.5630325480171182,0.08236355389622019,0.3469392297353581,0.0025514983432834933,0.0025552688188563654
TCGA-BH-A0AZ-01A-21D-A12Q-09,0.0029477955225246572,0.6222506099226449,0.15397993427412213,0.21491564250306763,0.0029525835239864054,0.0029534342536542448
TCGA-AO-A1KT-01A-11D-A13L-09,0.0036458055881396544,0.5130825805347818,0.003663813599393234,0.0036650401754544557,0.11681001073400081,0.35913274936823014
TCGA-EW-A1P4-01A-21D-A142-09,0.002643702285026846,0.38025227795786487,0.00263280431259554,0.43609310117222233,0.002630032960492591,0.17574808131179767
TCGA-E2-A14R-01A-11D-A10Y-09,0.001567730993773441,0.43372958066679335,0.05652499787841475,0.5050566660080938,0.0015581606195665908,0.001562863833357933
TCGA-D8-A1JD-01A-11D-A13L-09,0.06674059854916539,0.343859780387527,0.12376085912976012,0.4620518936681867,0.0017934464297517047,0.0017934218356090248
TCGA-B6-A409-01A-11D-A243-09,0.004531209845351345,0.24964837219925903,0.15151427014742525,0.004557981308863781,0.4135815564985754,0.17616661000052516
TCGA-A8-A06Y-01A-21W-A019-09,0.07834829398250673,0.7510492486694628,0.005467618617643075,0.0054448066942311,0.1542221493644444,0.005467882671711981
TCGA-E9-A248-01A-11D-A167-09,0.00988229851428341,0.009931368385726544,0.07714279766931256,0.009958241101626098,0.7273060494399508,0.1657792448891005
TCGA-AN-A0FX-01A-11W-A050-09,0.0378587849848983,0.5073564898176472,0.0018936183521504632,0.340332187478043,0.11066512088165903,0.0018937984856020106
TCGA-B6-A0X1-01A-11D-A10G-09,0.07515205706737735,0.286736934112793,0.09263007958336546,0.54086070736652,0.002308435397777526,0.002311786472166697
TCGA-A7-A0D9-01A-31W-A071-09,0.007622724934022492,0.48005361661419343,0.24833611774176373,0.007654114777140456,0.007678305526392997,0.24865512040648705
TCGA-A2-A3Y0-01A-11D-A23C-09,0.0009778103635505351,0.2900158987617674,0.07477787096463638,0.5294582764968994,0.0009794951501811832,0.10379064826296514
TCGA-E2-A15K-01A-11D-A12Q-09,0.004024153264418115,0.588212053465063,0.003986935157813508,0.004005071658468251,0.3957558676125513,0.004015918841685862
TCGA-E9-A22E-01A-11D-A159-09,0.0014005839255374134,0.4618269788251024,0.20578518074001748,0.3281840425680747,0.0014017192462992434,0.0014014946949687443
TCGA-BH-A1EU-01A-11D-A135-09,0.009307186048957463,0.6832846668756584,0.009443874800974238,0.009377351220184875,0.00941353542493558,0.27917338562928923
TCGA-E2-A15H-01A-11D-A12B-09,0.005429118455917096,0.2598123391106089,0.005459392314268868,0.00543427028318611,0.35111867595264323,0.37274620388337576
TCGA-3C-AALI-01A-11D-A41F-09,0.0003035859530310875,0.12817648932613046,0.8653754334679825,0.00553732155993935,0.00030338648020092785,0.0003037832127157726
TCGA-C8-A130-01A-31D-A10Y-09,0.003663806078157791,0.36315024413329217,0.0874458300770393,0.0036617599971469515,0.29485007286698534,0.2472282868473785
TCGA-AC-A6NO-01A-12D-A33E-09,0.006012735459004069,0.006019808143968435,0.049154635081285675,0.006010725890885531,0.6836921023594097,0.24910999306544665
TCGA-AC-A8OS-01A-12D-A41F-09,0.00363482595093528,0.4975549559087793,0.24076881168779168,0.0036644904598074654,0.0036629324066994764,0.2507139835859869
TCGA-D8-A1J9-01A-11D-A13L-09,0.06334407721826558,0.12366717859664891,0.8105251820606305,0.0008209357714389568,0.0008211812256351918,0.0008214451273807263
TCGA-C8-A8HR-01A-11D-A36J-09,0.004807115707426091,0.5481427410928476,0.0048468303987586805,0.2607532712453295,0.004833292059131999,0.17661674949650624
TCGA-EW-A1PG-01A-11D-A142-09,0.40196675510869495,0.5368901413826472,0.015273612921071435,0.015212244611673214,0.015357215866791602,0.015300030109121576
TCGA-E2-A1B4-01A-11D-A12Q-09,0.004817473092419398,0.4913874464900201,0.004832110522111521,0.0048184420104221675,0.48931888116137473,0.004825646723652124
TCGA-D8-A1JS-01A-11D-A13L-09,0.007398957791735609,0.5231423723758309,0.007320078832503628,0.007324690424313572,0.44748591229373513,0.007327988281881151
TCGA-D8-A27T-01A-11D-A16D-09,0.006697418953537194,0.006754157053298972,0.00671286825005568,0.006738913670255118,0.8086767299177798,0.16441991215507312
TCGA-D8-A3Z6-01A-11D-A23C-09,0.00768589343633471,0.5654464401074484,0.16245153553313738,0.007666759266153507,0.007676461724372748,0.24907290993255332
TCGA-A2-A1G1-01A-21D-A13L-09,0.0058049961535709665,0.46760066366393027,0.005793605003139008,0.21242517331857816,0.3025772198617252,0.005798341999056363
TCGA-OL-A66H-01A-11D-A29N-09,0.0093033372937862,0.4464853402730704,0.009316859946100941,0.3349463762996097,0.19054372935456654,0.009404356832866063
TCGA-D8-A1JI-01A-11D-A13L-09,0.005095770871723559,0.00512833329377898,0.005072846717545743,0.005101279446922058,0.6546350963743502,0.32496667329567935
TCGA-AN-A0FT-01A-11W-A050-09,0.0016433256974185476,0.2369470806107934,0.20278953541403688,0.0016376037961368598,0.4911120598553132,0.06587039462630111
TCGA-BH-A0AV-01A-31D-A10Y-09,0.0025283113177603195,0.32180124279171124,0.06963387292770873,0.4715584734061608,0.04959849640618685,0.08487960315047217
TCGA-A1-A0SM-01A-11D-A099-09,0.2376968533766037,0.34427021161558036,0.006970505499330488,0.007014906040382496,0.3970230576732047,0.007024465794898319
TCGA-BH-A1FM-01A-11D-A13L-09,0.0031958650016341247,0.2990718965206465,0.22028347832025677,0.0823663064523732,0.39189575248765673,0.003186701217432761
TCGA-BH-A1EX-01A-11D-A13L-09,0.19493147189491777,0.3237039512440159,0.00835882568480818,0.008445501686915605,0.008430940262767665,0.4561293092265749
TCGA-AR-A1AN-01A-11D-A12Q-09,0.006482604597350591,0.2627852392896597,0.1609804979620494,0.006484247513754267,0.1301538880786289,0.4331135225585572
TCGA-C8-A12L-01A-11D-A10Y-09,0.002436500492566649,0.32777024529691245,0.0024330349452013184,0.47170331288296363,0.19321405914203388,0.002442847240322081
TCGA-B6-A0I9-01A-11W-A050-09,0.00237305476925592,0.5706198923060589,0.002376338938275208,0.00237888277227188,0.41987788315974006,0.002373948054397871
TCGA-UU-A93S-01A-21D-A41F-09,0.0011741094314878082,0.5605699821252155,0.0011811896667381528,0.33358900360774735,0.1023062780132538,0.0011794371555574191
TCGA-BH-A6R9-01A-21D-A32I-09,0.22274519950901125,0.01684495066318393,0.016767144424304686,0.7099664639761856,0.01678988334861763,0.016886358078697
TCGA-AO-A0JG-01A-31D-A099-09,0.010453877710649661,0.22638343645205644,0.010474377218495616,0.530375661698339,0.010496966247773102,0.2118156806726861
TCGA-B6-A0RP-01A-21D-A099-09,0.00673501839345648,0.7465918474399185,0.006695789220434633,0.006735272424535368,0.006762881448659668,0.22647919107299527
TCGA-GM-A2DH-01A-11D-A17W-09,0.0009496609913505834,0.19676097583532892,0.4251452985720753,0.3752522340712229,0.0009464859171201537,0.0009453446129023077
TCGA-A8-A07P-01A-11W-A019-09,0.08222497597502308,0.24954008954504717,0.003294136126444956,0.0033077083370132597,0.3670213328619289,0.2946117571545426
TCGA-A7-A13E-01A-11D-A12Q-09,0.003113934429835367,0.41012145910428316,0.0031176816285853537,0.0031187853379058086,0.4345392719762249,0.1459888675231655
TCGA-AO-A12F-01A-11D-A10Y-09,0.12571530423014307,0.3899355456815018,0.004773143913672126,0.004817134178510326,0.004817889990455515,0.46994098200571716
TCGA-C8-A275-01A-21D-A16D-09,0.0013575796022933266,0.0013610215073241534,0.7810417569017168,0.1580992213131925,0.056777878369691316,0.001362542305781747
TCGA-A8-A07O-01A-11W-A019-09,0.003921037838735682,0.003931489173184189,0.003946708057157265,0.003927648675966225,0.9803416325895556,0.00393148366540093
TCGA-D8-A142-01A-11D-A10Y-09,0.0012965582096345198,0.561005684469019,0.05680367058325732,0.16915505354247673,0.13249518852378314,0.07924384467182911
TCGA-E2-A1LA-01A-11D-A142-09,0.0019108174413620769,0.4215602718391118,0.0019133488016673619,0.5707849357494362,0.0019128431744489375,0.0019177829939736844
TCGA-A2-A04P-01A-31D-A128-09,0.0012780889969926995,0.3237298315628105,0.0012808888369138926,0.671156316663827,0.001277013481334964,0.001277860458121153
TCGA-A2-A0CS-01A-11D-A10Y-09,0.004670220396309187,0.6718014434355357,0.004670350762995257,0.0046673970492391555,0.004691964737249726,0.30949862361867087
TCGA-D8-A1Y0-01A-11D-A14K-09,0.0025494693389109652,0.6383638041803575,0.08221313841473828,0.18230208761396144,0.002549650058348324,0.09202185039368344
TCGA-BH-A0HI-01A-11D-A099-09,0.18518159189849276,0.006478953244870868,0.006467495969888104,0.1083321039696197,0.687044205682891,0.006495649234237634
TCGA-BH-A0C7-01B-11D-A10Y-09,0.0034409280360585843,0.5287737447650598,0.0034419725374185976,0.003433692879099767,0.45746395015677854,0.0034457116255847448
TCGA-PL-A8LZ-01A-31D-A36J-09,0.0019680068137121623,0.7092472997059852,0.0019598931159848848,0.0019593178684701477,0.28290488058341223,0.001960601912435526
TCGA-BH-A0AY-01A-21W-A019-09,0.09000999346705334,0.26685673246057207,0.003455999908230844,0.003444905680219679,0.632801318593108,0.0034310498908160956
TCGA-E9-A1RB-01A-11D-A17G-09,0.004947237285142714,0.5957350007073956,0.0049304649360473905,0.004961524195933035,0.004964792125039183,0.38446098075044205
TCGA-B6-A0RS-01A-11D-A099-09,0.0011113022309720197,0.2867492328923695,0.0011108599186631337,0.6372834616331274,0.07263667677840892,0.0011084665464591254
TCGA-E9-A3X8-01A-31D-A22X-09,0.005409904800752793,0.5657319905652507,0.11846710348101094,0.00543664469478037,0.29953079855641895,0.005423557901786326
TCGA-AC-A3QQ-01A-11D-A228-09,0.006271150443406913,0.5384291895511039,0.0061906566310039,0.006245391021213846,0.4366135843888059,0.006250027964465615
TCGA-OL-A66J-01A-11D-A29N-09,0.039539267207324126,0.2122685957127157,0.0033182811347642473,0.0033057933857357034,0.3952657403937194,0.34630232216574086
TCGA-AN-A0XS-01A-22D-A10G-09,0.006477302190246682,0.38334556824879795,0.006473636852038874,0.006474190602058576,0.5907458495027162,0.006483452604141706
TCGA-AN-A0G0-01A-11W-A050-09,0.005264550659339239,0.8467466379463648,0.005267078602437182,0.00526413909809802,0.1321988367326044,0.005258756961156231
TCGA-D8-A73U-01A-11D-A33E-09,0.0013011423549262426,0.0012972858191560382,0.7817720089093048,0.001299990179560866,0.13022346550700262,0.08410610723004941
TCGA-EW-A6SC-01A-12D-A32I-09,0.006977279806223668,0.28960205246990994,0.007017873311211736,0.007023923802452185,0.6823612958307571,0.007017574779445317
TCGA-BH-A0DV-01A-21D-A12Q-09,0.015199575629751758,0.4856159164936609,0.15846442405131472,0.3100404496759901,0.015339364673027416,0.015340269476255067
TCGA-AQ-A54O-01A-11D-A25Q-09,0.00775804676351783,0.3942807542677141,0.007640706581261945,0.007670246622606605,0.5750047967251031,0.007645449039796441
TCGA-A2-A0CU-01A-12W-A050-09,0.004310300491341077,0.22826271948135973,0.0043264481396781415,0.3223300873659469,0.43645182738632127,0.0043186171353528195
TCGA-LD-A66U-01A-11D-A31U-09,0.00698146180204201,0.6538866844865652,0.006993909523065478,0.007021644708400688,0.1815168967376021,0.14359940274232452
TCGA-AR-A2LH-01A-31D-A18P-09,0.054717467838136,0.16917041157403934,0.6695213440422241,0.0029096306572795314,0.10076254918844385,0.0029185966998771643
TCGA-HN-A2OB-01A-21D-A27P-09,0.011987545250180072,0.48430351573531794,0.20831633807624753,0.012034695572910441,0.01203062974135584,0.27132727562398806
TCGA-AR-A1AO-01A-11D-A12Q-09,0.0021302653265197584,0.46742222698614166,0.19897369234779105,0.32720872325887634,0.002136356866907308,0.0021287352137637555
TCGA-D8-A27L-01A-11D-A16D-09,0.003817680829122155,0.10306276208085965,0.2953549391281766,0.003830469757341243,0.5901029155155824,0.0038312326889178615
TCGA-A8-A09M-01A-11W-A019-09,0.08241344594910396,0.27524875157175416,0.0012865370732146255,0.6384767025825785,0.0012872795974931614,0.0012872832258557355
TCGA-BH-A0E1-01A-11W-A071-09,0.005264414857654843,0.005271460397662195,0.37298765506619186,0.005272439025836704,0.39135839506417214,0.21984563558848225
TCGA-D8-A1J8-01A-11D-A13L-09,0.020158268695275927,0.0002202297739643013,0.5980697841076638,0.0002202778077031482,0.08853639716318637,0.2927950424522064
TCGA-A8-A08R-01A-11W-A050-09,0.0006803108744041312,0.20373920729484535,0.09925930375005391,0.6493820307026447,0.0006814231659521665,0.04625772421209979
TCGA-BH-A1EV-01A-11D-A135-09,0.0614027551266601,0.0017561216706168602,0.5828128581127329,0.18082074217625987,0.001757233002681014,0.17145028991104916
TCGA-A8-A06T-01A-11W-A019-09,0.00618932172471265,0.006259756230168499,0.15422880257102378,0.006264678137361409,0.32712945953636857,0.499927981800365
TCGA-GI-A2C8-01A-11D-A16D-09,0.0014661677897118896,0.5441157948008513,0.03811926896928466,0.413366930323477,0.0014656591484361284,0.0014661789682390996
TCGA-AR-A2LR-01A-12D-A18P-09,0.0030593639821180595,0.5400579432616742,0.003056112446149504,0.11018920752992933,0.34056720972668614,0.00307016305344265
TCGA-AO-A0JI-01A-21W-A100-09,0.009952504723125465,0.6039620777784489,0.00983117638332242,0.00991276179838741,0.35641692882784476,0.009924550488871031
TCGA-C8-A1HO-01A-11D-A13L-09,0.06543889240246087,0.4176483419361228,0.004985369687663342,0.0049585963492869475,0.3754202170764906,0.1315485825479756
TCGA-AQ-A0Y5-01A-11D-A14K-09,0.003005230153836488,0.411302066818112,0.19646312418830447,0.0030125039794889398,0.28750161737410396,0.0987154574861541
TCGA-AR-A2LL-01A-11D-A17W-09,0.005157304134265807,0.4025463587255259,0.00508783360819845,0.005100685967172925,0.3958540324261337,0.18625378513870328
TCGA-A7-A0DA-01A-31D-A10Y-09,0.0011688412603632595,0.49970348214707727,0.00117341287586572,0.4956168960813959,0.0011701147591095286,0.0011672528761880589
TCGA-B6-A1KC-01B-11D-A159-09,0.006049949162589434,0.7018286744349843,0.0060155978636022255,0.0060168522279085085,0.006033287939447077,0.2740556383714685
TCGA-AC-A2QH-01B-04D-A22N-09,0.005488191314971202,0.20243537008681325,0.14117702979433744,0.005439582858038334,0.005444757816086977,0.6400150681297528
TCGA-GM-A2DO-01A-11D-A19Y-09,0.0010098009319042325,0.0010078326656672747,0.8123734193883568,0.08881587529103345,0.09578268731607209,0.001010384406966266
TCGA-E9-A247-01A-11D-A167-09,0.004463957530624383,0.548321179085317,0.004436103630359207,0.004440075314155845,0.004441752078281483,0.433896932361262
TCGA-A8-A06Q-01A-11W-A050-09,0.0007092835735703385,0.06537062623506716,0.7585015815986181,0.0007078926497301976,0.1740014660478534,0.0007091498951607243
TCGA-A2-A0YM-01A-11D-A10G-09,0.0021067995534855707,0.24357435603927632,0.19973513475899582,0.14721066129429672,0.24154908078765355,0.16582396756629192
TCGA-E9-A1R4-01A-21D-A14G-09,0.00136243978876884,0.2127528198030934,0.6927474962727619,0.0013611557647247336,0.0013613558269181397,0.09041473254373306
TCGA-OL-A5RY-01A-21D-A28B-09,0.01866664787222544,0.018741097949469918,0.018635166773477443,0.2110611100465585,0.7141562527173236,0.01873972464094515
TCGA-D8-A1XV-01A-11D-A14K-09,0.005413263967697062,0.6234793878529475,0.005460102786691924,0.005436820810155225,0.19845485977474733,0.1617555648077609
TCGA-D8-A143-01A-11D-A10Y-09,0.0037189725356837145,0.5476631374967279,0.003726540653605375,0.43739485490445573,0.0037509262103341185,0.003745568199193156
TCGA-BH-A18L-01A-32D-A12B-09,0.056220862980874496,0.380295700641044,0.003237781873716601,0.0032459031861709407,0.3534126684863083,0.20358708283188565
TCGA-E9-A22G-01A-11D-A159-09,0.001816008260034845,0.33326480994439484,0.0018103090522859407,0.659484696445253,0.0018086049822497677,0.0018155713157816087
TCGA-A2-A4RW-01A-21D-A25Q-09,0.0015582825068100941,0.001561318130679249,0.529890592767787,0.3417005795765088,0.0015603438972272743,0.12372888312098744
TCGA-E9-A1R2-01A-11D-A14G-09,0.0033753082109515614,0.6525693834560042,0.0033924533779102093,0.33390679541705043,0.0033781035079679714,0.003377956030115755
TCGA-AR-A0TS-01A-11D-A10Y-09,0.0021783660177029257,0.6948136883447095,0.08413698927559769,0.21449897008160518,0.002187053026596811,0.0021849332537880557
TCGA-A2-A0EP-01A-52D-A22X-09,0.1439116523563278,0.018669402560913838,0.4003534128383383,0.018793166768770783,0.018779777614293894,0.3994925878613554
TCGA-BH-A0HA-01A-11D-A12Q-09,0.0005722153664761327,0.0005729998317316143,0.11406731059916532,0.0005727225312897192,0.0005736783627755125,0.8836410733085618
TCGA-E2-A1IG-01A-11D-A142-09,0.004121587380864543,0.6300379992342258,0.0040984480964505335,0.004107289677497892,0.35351225417140875,0.004122421439552723
TCGA-E2-A572-01A-13D-A31U-09,0.00883431212510184,0.008873546202279096,0.17770869139700698,0.24094334471481174,0.008880481816609206,0.5547596237441911
TCGA-LL-A9Q3-01A-11D-A41F-09,0.0037312590961546305,0.43332285531344206,0.0037393644737412283,0.003749805461165153,0.3943203354201969,0.16113638023530003
TCGA-A2-A259-01A-11D-A16D-09,0.007984937185538919,0.008011286612250965,0.008077672144496712,0.33979798714282794,0.6281333284501626,0.007994788464722928
TCGA-BH-A28Q-01A-11D-A16D-09,0.007997635561138108,0.3833283046381818,0.008031880441510438,0.008028921560522916,0.5845720634635813,0.008041194335065492
TCGA-BH-A0EI-01A-11D-A10Y-09,0.008846297308687561,0.008906104608952463,0.00881490673899639,0.008921236961631449,0.9556228017750497,0.008888652606682486
TCGA-E2-A15R-01A-11D-A10Y-09,0.004321319079173975,0.2937002290067576,0.0043367262266803186,0.0043122510659252345,0.5645094036889264,0.12882007093253633
TCGA-AO-A124-01A-11D-A10M-09,0.0755235570220364,0.4904159747054241,0.0012840882454247477,0.43020408369494617,0.001287244070990848,0.0012850522611777136
TCGA-AR-A24M-01A-11D-A167-09,0.009335135108685853,0.6810259678981655,0.00943238216731568,0.00936168400166861,0.009390765939759745,0.2814540648844045
TCGA-D8-A1JG-01B-11D-A13L-09,0.3333506523444772,0.42308489855552395,0.0013007712580193178,0.0012973062703471737,0.23966967531870745,0.0012966962529250212
TCGA-BH-A0BM-01A-11W-A071-09,0.007012872511151161,0.47809137072267105,0.15979556013193189,0.007037212932312606,0.34103344826165427,0.007029535440279111
TCGA-OL-A66K-01A-11D-A29N-09,0.006446095590796451,0.006478427613579174,0.006480911009105133,0.3452209486563933,0.6288863932137558,0.006487223916370201
TCGA-GM-A2DF-01A-11D-A17W-09,0.0038109003396221133,0.0038270095466709543,0.08986651108789491,0.4030723143293085,0.25051166860124546,0.24891159609525795
TCGA-A2-A25B-01A-11D-A167-09,0.05713389298762918,0.5757573112092136,0.0017189334486758018,0.25814436758654874,0.10552655211598587,0.0017189426519468724
TCGA-AR-A0TW-01A-11D-A099-09,0.0861692576732874,0.6579769043012088,0.0031215516723420156,0.003124114807754336,0.24648092707784736,0.0031272444675601676
TCGA-E2-A15T-01A-11D-A10Y-09,0.00542305342381278,0.0054461559869883585,0.07161220346328279,0.005440207931263235,0.5572075228724599,0.354870856322193
TCGA-B6-A0RM-01A-11D-A099-09,0.00622503683475398,0.0062438435205535965,0.006218732390913451,0.00624737297594065,0.8897425002451905,0.08532251403264784
TCGA-A8-A0A2-01A-11W-A050-09,0.18079181126190463,0.29592005518495107,0.0042011785223710855,0.004214333669008914,0.28403160028004093,0.23084102108172327
TCGA-C8-A12V-01A-11D-A10Y-09,0.004045108639650529,0.19457650979631091,0.004038302285615824,0.4437053219111975,0.004015867516765184,0.3496188898504601
TCGA-BH-A5J0-01A-11D-A27P-09,0.0027045249814317577,0.0026837509081536195,0.36037859706240694,0.0026820601599914008,0.6288704259968737,0.002680640891142583
TCGA-E9-A1NF-01A-11D-A14G-09,0.0034576417381610904,0.0034447617883120764,0.27721844665083517,0.29663286114300214,0.4158145617980524,0.0034317268816371526
TCGA-E2-A1B1-01A-21D-A12Q-09,0.0033175679395367526,0.19882006411936282,0.5058231273268755,0.0033019056995764228,0.2854451513586295,0.003292183556018997
TCGA-UL-AAZ6-01A-11D-A41F-09,0.0018540683595475527,0.5783193092206503,0.11605486902613914,0.06167392862143227,0.0018537494138113337,0.2402440753584195
TCGA-AR-A0U3-01A-11D-A10G-09,0.11873175492061908,0.15064715875213766,0.004782917947747797,0.004818974477028691,0.5078034455417865,0.2132157483606804
TCGA-AC-A2BM-01A-11D-A21Q-09,0.13721691581011225,0.012033889480591671,0.011941658639468266,0.8145948077652397,0.012088639264647495,0.012124089039940554
TCGA-C8-A12M-01A-11D-A135-09,0.1748069743315395,0.5944084703846917,0.0028375803733369587,0.002860145772628999,0.002853459779097375,0.2222333693587056
TCGA-AO-A0J8-01A-21D-A045-09,0.11462095366450231,0.3160977636210997,0.006526761769679169,0.006495519700783324,0.4244697343181444,0.13178926692579118
TCGA-E2-A1IN-01A-11D-A13L-09,0.0008473563201725356,0.19132761738287046,0.7454601469804385,0.060660728164149316,0.0008517615882447404,0.0008523895641243777
TCGA-AC-A3W7-01A-11D-A228-09,0.0027248151975446835,0.002729108363505255,0.6388437073612757,0.002719997324784181,0.18895375423584018,0.16402861751704997
TCGA-AR-A2LN-01A-21D-A18P-09,0.004211528955202984,0.004203791460551101,0.31622589020183595,0.004196097311473008,0.561443589911931,0.10971910215900596
TCGA-D8-A27W-01A-11D-A16D-09,0.004818186432668357,0.004827879745806884,0.18252960085798878,0.0048113503076524945,0.39703032257483034,0.40598266008105316
TCGA-A7-A6VX-01A-12D-A33E-09,0.0013448251739320504,0.4158630404651394,0.19248372591155824,0.38761281628018907,0.0013491688661585667,0.001346423303022764
TCGA-BH-A0BQ-01A-21D-A10Y-09,0.006796289447862295,0.48860867535534525,0.006712879981516499,0.00672029359961736,0.48441596532572806,0.006745896289930561
TCGA-LD-A9QF-01A-32D-A41F-09,0.011290665694293506,0.4959713001329285,0.011150536428828942,0.0112199857239156,0.459048019434813,0.011319492585220383
TCGA-BH-A18T-01A-11D-A12B-09,0.001912901935018399,0.6384460797947393,0.10573274058542101,0.25008015219747004,0.00191329185405767,0.0019148336332935512
TCGA-AR-A0U2-01A-11D-A10G-09,0.0035028718117493386,0.3530272829112423,0.003487143907270491,0.003517563134785039,0.28778563974887983,0.34867949848607294
TCGA-A8-A09B-01A-11W-A019-09,0.003833280451536017,0.003831073851888326,0.00383965294542263,0.33521845515401305,0.6494555866838173,0.0038219509133227817
TCGA-BH-A209-01A-11D-A17G-09,0.0017514226658593552,0.0017528178767276775,0.8462821262337628,0.0017561200668103634,0.14670660674656313,0.0017509064102767746
TCGA-W8-A86G-01A-21D-A36J-09,0.009884368004396193,0.6174668271548026,0.009836711940703709,0.009931589982036968,0.3429589357867418,0.009921567131318856
TCGA-A8-A08S-01A-11W-A050-09,0.0035392309025532973,0.31797998177150993,0.0034989512732120256,0.0035059351265272717,0.45826203255550485,0.21321386837069276
TCGA-A1-A0SG-01A-11D-A142-09,0.005798635571517085,0.0058028817524914365,0.005802605721600942,0.25454385021501874,0.5326218007755114,0.19543022596386045
TCGA-D8-A1XC-01A-11D-A14G-09,0.005487912137460637,0.3593168366761013,0.005414259612574333,0.005430146463782294,0.389994356995952,0.2343564881141295
TCGA-3C-AALK-01A-11D-A41F-09,0.1438406326002161,0.0033715420471724005,0.08072917287282516,0.17424838041152044,0.3409974947188757,0.2568127773493902
TCGA-GM-A2DK-01A-21D-A17W-09,0.16488715883953822,0.37054589397804005,0.006738018765190821,0.006736541069218801,0.3295219871999389,0.12157040014807315
TCGA-E2-A1L6-01A-11D-A13L-09,0.1131613642364732,0.009383973681245586,0.00935041385434775,0.25630726320186575,0.22246853939548206,0.3893284456305857
TCGA-EW-A1J5-01A-11D-A13L-09,0.00037608353615100384,0.0003765296974039282,0.9518693558767903,0.00037653249565046187,0.04662432861258726,0.00037716978141703867
TCGA-A2-A04Q-01A-21W-A050-09,0.06845644034937354,0.0035937460502936933,0.003590760120050413,0.49830458657117976,0.4224708194978392,0.003583647411263458
TCGA-GM-A3XG-01A-31D-A243-09,0.03357893554369911,0.5338471938445367,0.3319077599596863,0.03369073314756004,0.03358516119554503,0.03339021630897296
TCGA-B6-A0IC-01A-11W-A050-09,0.004813704410444983,0.5059292069870454,0.11682135067049723,0.004806796657139916,0.00482133293250595,0.3628076083423666
TCGA-C8-A12X-01A-11D-A10Y-09,0.0035967062026980453,0.0035912479071384057,0.0035846950412918364,0.5041984520011047,0.3443427868519481,0.1406861119958189
TCGA-BH-A0BV-01A-11W-A019-09,0.0795588390910361,0.00582516020496102,0.11155006213093378,0.005836668567506155,0.7913590287341046,0.0058702412714583775
TCGA-A8-A0A9-01A-11W-A019-09,0.060039381568532675,0.15651631811413141,0.19020386600177608,0.00300072694528754,0.5872296526327365,0.0030100547375358083
TCGA-C8-A26X-01A-31D-A16D-09,0.0027646118938001096,0.31664504893728135,0.0027574034493650086,0.43789586000885905,0.23716942343201544,0.0027676522786790215
TCGA-A2-A0YI-01A-31D-A10M-09,0.01056982545396983,0.9472790327280582,0.010569714449073099,0.010508245415193386,0.01055880663534529,0.010514375318360008
TCGA-C8-A12T-01A-11D-A10Y-09,0.0010242032016946109,0.07858554959765092,0.7930300115952669,0.0010216001275949603,0.12531442630784442,0.0010242091699483786
TCGA-AC-A6IX-06A-11D-A32I-09,0.0042988805486524236,0.004331995234221826,0.24657568905223565,0.004329742217139425,0.7361553003013289,0.00430839264642172
TCGA-BH-A0DT-01A-21D-A12B-09,0.014113621252315182,0.3049686151316242,0.014035064545452239,0.013999249402522446,0.638879272245995,0.01400417742209092
TCGA-E2-A1IF-01A-11D-A142-09,0.01211617577321661,0.2934469044588494,0.01196085788038312,0.01203221482965913,0.012081333426539808,0.6583625136313518
TCGA-A8-A08G-01A-11W-A019-09,0.0039231196045507975,0.48636134950559834,0.0039424245524843325,0.00391929069219693,0.3077215574378311,0.19413225820733865
TCGA-E2-A15A-01A-11D-A12B-09,0.0031939591184438234,0.6728932949606126,0.0031754227091064513,0.0031864431625256333,0.31436747861643477,0.003183401432876735
TCGA-A2-A4S2-01A-12D-A25Q-09,0.005074480473819888,0.633332667501397,0.005111836550606373,0.005094734907926551,0.34628400443750784,0.0051022761287423165
TCGA-BH-A1EW-01A-11D-A135-09,0.01197867065606768,0.011977325295772985,0.012139477972506158,0.012006717591277895,0.9399299503033907,0.011967858180984642
TCGA-A8-A06O-01A-11W-A019-09,0.0026814154120216446,0.5925030510642079,0.0026682295468184805,0.0026685206233515806,0.2780076773767812,0.12147110597681918
TCGA-C8-A8HQ-01A-11D-A36J-09,0.0006748711658562325,0.0006750936656875904,0.8365333024876298,0.0006737680025964426,0.06664656869533304,0.09479639598289683
TCGA-C8-A12W-01A-11D-A10Y-09,0.056659136060400996,0.47570185762735284,0.0028062855134963023,0.002808226041322047,0.18327243841672872,0.27875205634069905
TCGA-B6-A0RU-01A-11D-A099-09,0.14807086625444937,0.09055660153729075,0.003667878694755817,0.4391074244586546,0.15953368002117452,0.15906354903367495
