,Topic 1,Topic 2,Topic 3,Topic 4,Topic 5,Topic 6
TCGA-D8-A146-01A-31D-A10Y-09,0.005113894667181643,0.005112593631034067,0.16568018549093913,0.005091178445298142,0.4579381692479809,0.3610639785175662
TCGA-EW-A2FW-01A-11D-A17D-09,0.007280646652366996,0.6538120647083914,0.07588575590880607,0.00735342632094474,0.007338987341076318,0.24832911906841462
TCGA-A7-A0CD-01A-11W-A019-09,0.006226924895644273,0.7014579543536145,0.006223136209027268,0.006264672291530787,0.0062513660206375945,0.2735759462295457
TCGA-A8-A09K-01A-11W-A019-09,0.004004243712566684,0.4588800906422565,0.004016001273308746,0.0039997124721832065,0.5250778306923516,0.004022121207333198
TCGA-AR-A0U0-01A-11D-A10G-09,0.12101540968702527,0.004823363471714511,0.15686895816248086,0.004815845156742961,0.5390481201861625,0.1734283033358739
TCGA-A8-A07G-01A-11W-A050-09,0.0029056845315759967,0.3111729317661296,0.1339327764116789,0.08118715395491463,0.3318075161756304,0.1389939371600706
TCGA-AR-A24Q-01A-12D-A167-09,0.023997471977332614,0.0009685782813585565,0.1114321223588,0.18612124479507533,0.676511084141131,0.0009694984463024674
TCGA-D8-A27R-01A-11D-A16D-09,0.12029331808321668,0.3285366117499684,0.0062626706217220815,0.006241422232556853,0.5324385086662116,0.006227468646324398
TCGA-D8-A1XR-01A-11D-A14K-09,0.006983219924175865,0.0070134266631725365,0.007005334323598018,0.007040049824757624,0.5050583362526746,0.46689963301162135
TCGA-B6-A0WV-01A-11D-A10G-09,0.005995854524870624,0.006044247175581341,0.006032524167413868,0.0059805220531191725,0.9698801860964541,0.006066665982560833
TCGA-E9-A1NA-01A-11D-A142-09,0.03684399229112953,0.2185883250677742,0.24833735361945763,0.11952348473238358,0.37474898012176616,0.0019578641674888758
TCGA-BH-A0BS-01A-11D-A12Q-09,0.01116590323999893,0.3234276713217286,0.011221462481327745,0.01116639486980867,0.6317850407420655,0.011233527345070507
TCGA-B6-A1KI-01A-11D-A14K-09,0.10474157025986766,0.4544728761181443,0.008416452025047833,0.008386187380766299,0.4155512279206571,0.008431686295516745
TCGA-S3-AA11-01A-31D-A41F-09,0.12097566287765359,0.0025604927468746356,0.0025476889232009733,0.23835522325899838,0.6330020008816456,0.0025589313116268666
TCGA-A2-A0CR-01A-11D-A228-09,0.001323235625524311,0.0013273987559154932,0.8741800845886406,0.0488078197214983,0.07303685505755544,0.0013246062508658508
TCGA-AO-A03O-01A-11W-A019-09,0.00212648520181624,0.469753850280992,0.0021326645861236195,0.0021269407745905505,0.48389973270204195,0.039960326454435556
TCGA-E2-A15L-01A-11D-A12B-09,0.005797517236053209,0.5308603772198007,0.12014560464604705,0.005792557355818089,0.1642174352430439,0.17318650829923699
TCGA-A8-A07F-01A-11W-A019-09,0.006199815600140729,0.9688380324324336,0.0062710200970121435,0.0062152657699910355,0.006248466659784497,0.006227399440638013
TCGA-A7-A6VV-01A-22D-A33E-09,0.0034408559149562688,0.003442883348661216,0.23056770399793974,0.3999442356676674,0.003442567265332534,0.35916175380544296
TCGA-A8-A095-01A-11W-A019-09,0.036862368909688456,0.04809368235345169,0.8637620350576054,0.04913366558083459,0.0010737478693306863,0.0010745002290891963
TCGA-A2-A3XW-01A-11D-A23C-09,0.22257328862605316,0.023983196540167385,0.2357407940196878,0.023970001510485076,0.4695930996638321,0.0241396196397744
TCGA-A2-A0EO-01A-11W-A050-09,0.005799197040809428,0.0058169813472686615,0.005848328133911807,0.005815793250179993,0.6274182336164756,0.3493014666113544
TCGA-EW-A1J2-01A-21D-A13L-09,0.005094823184877514,0.636799334697365,0.18115995928425954,0.16671147390308538,0.005117648706407892,0.005116760224004444
TCGA-AR-A255-01A-11D-A167-09,0.1594204626399098,0.18932044230169232,0.2523316414511115,0.23219148828491734,0.16392146220394085,0.0028145031184281548
TCGA-A8-A08P-01A-11W-A019-09,0.0024906592339647717,0.12775874354682482,0.2707085207853575,0.0024755259232479066,0.4637593361397701,0.13280721437083498
TCGA-B6-A0RT-01A-21D-A099-09,0.12797466663559962,0.0033087037818649227,0.15113214467855976,0.0033116642730145296,0.7109691882587833,0.00330363237217792
TCGA-A2-A0CQ-01A-21W-A050-09,0.004552004460852616,0.40066308732565326,0.004543735045052624,0.00454544901546613,0.5811347293137625,0.004560994839212734
TCGA-B6-A0IE-01A-11W-A050-09,0.005260103164590177,0.18702958173117654,0.005274128454058175,0.005284292995978377,0.5177973784745747,0.27935451517962206
TCGA-BH-A0W7-01A-11D-A10Y-09,0.0007938904918284747,0.0007897602595954824,0.9266403668769815,0.03633116811566648,0.03465564782007697,0.0007891664358510419
TCGA-A2-A0EQ-01A-11W-A050-09,0.0007228506917426324,0.0007232518345122056,0.7252001616440115,0.0007243566402327905,0.22136238404295686,0.05126699514654417
TCGA-AR-A1AS-01A-11D-A12Q-09,0.1265469689144482,0.004216550430568179,0.32047351004231145,0.004202204247526397,0.3040824166081276,0.24047834975701804
TCGA-D8-A27K-01A-11D-A16D-09,0.008391546136176722,0.6706909382642261,0.008504366917982887,0.008470353629660667,0.008464140089749446,0.29547865496220427
TCGA-BH-A0BF-01A-21D-A12Q-09,0.005420812049910109,0.40119898494160505,0.00546247221266852,0.005419092479872956,0.5770490128892676,0.005449625426675782
TCGA-E2-A1IJ-01A-11D-A142-09,0.011264505268197018,0.011258829518307468,0.01117327881217396,0.5652911642067264,0.011253806273866063,0.389758415920729
TCGA-BH-A1F5-01A-12D-A13L-09,0.005281384101174141,0.37817717114448324,0.00526637277244815,0.0052849726262115945,0.6007059039808181,0.005284195374864667
TCGA-BH-A0B5-01A-11D-A12Q-09,0.002857434853943548,0.0028736964525583517,0.7939955042054213,0.0028736564477162673,0.0028587688260566313,0.1945409392143039
TCGA-A2-A0YT-01A-11D-A10G-09,0.22710494150065344,0.3748911475671886,0.0029160139218571022,0.002907270680427958,0.38927168903751974,0.0029089372923530588
TCGA-A8-A083-01A-21W-A019-09,0.10446088413347956,0.005611613333148344,0.005608510751816104,0.005623549777599765,0.8730759468287491,0.00561949517520714
TCGA-BH-A0B4-01A-11W-A019-09,0.0024882154366713564,0.1260228315945456,0.09810611970100534,0.13181784847921782,0.6390866178525157,0.002478366936044003
TCGA-EW-A1P8-01A-11D-A142-09,0.004843115709208677,0.00482516791961238,0.0048233970988409355,0.004812795685378638,0.724649501180165,0.25604602240679425
TCGA-BH-A0GZ-01A-11W-A071-09,0.005236721642525764,0.2853624198715691,0.11961321779652459,0.005270865467399309,0.5792720019462214,0.005244773275759846
TCGA-A2-A0CV-01A-31D-A10Y-09,0.007651251191868399,0.45721158172030285,0.00777303603324425,0.0076748167920658375,0.007680559905336357,0.5120087543571822
TCGA-C8-A12Q-01A-11D-A10Y-09,0.07750906144595052,0.13245081239817313,0.6367688289033419,0.07862525889273761,0.07315130140929406,0.0014947369505028433
TCGA-AR-A1AL-01A-21D-A12Q-09,0.006213085377232601,0.2862865997342151,0.07005561304243697,0.00625311925220799,0.5348276209062797,0.09636396168762766
TCGA-BH-A1F6-01A-11D-A13L-09,0.0044487217707686105,0.00444114221863919,0.004449756492282063,0.004416743753281869,0.7319985356704252,0.2502451000946032
TCGA-AO-A12H-01A-11D-A10Y-09,0.007637701492536483,0.9617433577984684,0.0076411196323413495,0.0076401945034056595,0.007691476243026553,0.0076461503302216365
TCGA-B6-A0WY-01A-11D-A10G-09,0.0070136315322227106,0.40288800683793907,0.007077937777545283,0.1872915649832852,0.38868898023658527,0.007039878632422492
TCGA-AN-A0XP-01A-11D-A117-09,0.005871026256590665,0.005804649510223802,0.211524801610239,0.005799423868179986,0.5200645219230486,0.25093557683171785
TCGA-E9-A1NC-01A-12W-A16L-09,0.0024210181559312866,0.0024090012697401742,0.08686314450652056,0.22886544661952793,0.5253316546656345,0.15410973478264556
TCGA-LL-A740-01A-21D-A32I-09,0.003531941539061832,0.00351733643800209,0.11350485379137461,0.0035117728298596877,0.6437353466042759,0.23219874879742589
TCGA-E2-A15S-01A-11D-A10Y-09,0.003057539528777661,0.0030728073296596397,0.003073632397654787,0.14876732423981784,0.8389578239201341,0.0030708725839558677
TCGA-AN-A046-01A-21W-A050-09,0.9789987785084571,0.020254252556283454,2.8211347966937336e-05,0.0006623028154350853,2.821289763394333e-05,2.824187422336631e-05
TCGA-EW-A6SB-01A-12D-A32I-09,0.002845805226869729,0.17806994350041636,0.021046168462237884,0.00286072726296751,0.5263399779815882,0.26883737756592035
TCGA-E9-A1R5-01A-11D-A14K-09,0.003735712565810812,0.6679137502787899,0.07754164244412792,0.0037499501841475,0.24331778340488275,0.003741161122241133
TCGA-Z7-A8R5-01A-42D-A41F-09,0.007277789333750713,0.3289689158691197,0.00734468687798803,0.007350336137064563,0.007312446337382521,0.6417458254446945
TCGA-BH-A1ES-01A-11D-A135-09,0.34152391268803417,0.007677843681834431,0.16925645895460287,0.466179897206475,0.007664491640500894,0.0076973958285527135
TCGA-A8-A07U-01A-11W-A050-09,0.00255847197338264,0.2986894367845041,0.4278270949053251,0.15596676350883554,0.11240994051060128,0.002548292317351549
TCGA-E2-A1B5-01A-21D-A12Q-09,0.19039389654615907,0.27005000366702714,0.5262493273837937,0.004426127813232542,0.004434619828481802,0.00444602476130587
TCGA-C8-A9FZ-01A-11D-A41F-09,0.008838226438971522,0.5823198450852997,0.008890682499617785,0.008868416402266273,0.3821804039498509,0.008902425623993944
TCGA-E2-A15A-06A-11D-A12B-09,0.005131031739931812,0.8425445762706311,0.0051256147208772794,0.005131289992822864,0.1369588642855444,0.005108622990192688
TCGA-B6-A0RG-01A-11W-A071-09,0.0028535683349002723,0.08180023589310936,0.12561566028505275,0.0028636203723421626,0.7840090979199439,0.002857817194651475
TCGA-E2-A1B0-01A-11D-A12Q-09,0.0033071381027922537,0.3213002926230771,0.12332815948167104,0.003297591682422009,0.3885385237540343,0.16022829435600328
TCGA-AO-A12A-01A-21D-A10Y-09,0.009845165780171439,0.9503244802693293,0.009937629465581545,0.009928211563625134,0.009991530945282484,0.009972981976010153
TCGA-A2-A0D2-01A-21W-A050-09,0.0020082903591361143,0.0020073563220538598,0.08297024891010676,0.002004457322922171,0.9089982310272746,0.002011416058506467
TCGA-AN-A04C-01A-21W-A050-09,0.002197076822404146,0.3218146543803386,0.002192536138359768,0.0021904625392569744,0.42909838957556473,0.24250688054407582
TCGA-A7-A0CG-01A-11W-A019-09,0.0033036964666835022,0.5400333907184396,0.26530413507830714,0.0033021207817243124,0.0033106405793517694,0.18474601637549354
TCGA-GM-A2DI-01A-31D-A18P-09,0.002636341744116521,0.00264228000828796,0.9868464548456508,0.002616606899434467,0.0026224146305232907,0.0026359018719868932
TCGA-C8-A12K-01A-21D-A10Y-09,0.0012259762821270864,0.001230652314783213,0.291017830669966,0.0012321143624983444,0.7040632969230448,0.001230129447580479
TCGA-GM-A2D9-01A-11D-A18P-09,0.00033693138978718886,0.025889055923039986,0.97276390833975,0.0003366086030354907,0.00033621247169867796,0.000337283272688695
TCGA-A7-A26J-01B-02D-A272-09,0.008880725298874086,0.37983372335358845,0.00886491418197657,0.008880538599443209,0.5846932522850585,0.00884684628105923
TCGA-LL-A5YP-01A-21D-A28B-09,0.0022501453604994535,0.0022506619710544007,0.048639711431013914,0.17520187684208288,0.7694049931737558,0.002252611221593571
TCGA-A7-A26J-01A-11D-A272-09,0.00701826728882136,0.5790662343222762,0.007041047786083041,0.13459056162729036,0.2652837727658928,0.007000116209636125
TCGA-HN-A2NL-01A-11D-A18P-09,0.0022198248404433503,0.2588372211917079,0.002215751545655515,0.25068258779769337,0.4838261623310313,0.0022184522934686696
TCGA-AR-A24O-01A-11D-A167-09,0.008165971248139439,0.008037415346346466,0.00801858267091455,0.008044129046315672,0.5191272273855575,0.4486066743027263
TCGA-A7-A26E-01B-06D-A272-09,0.004683702251774392,0.5626020157184023,0.4185781524263678,0.004733448650284138,0.004689609008289827,0.004713071944881587
TCGA-A8-A07W-01A-11W-A019-09,0.0012697021438813404,0.0012683962068538882,0.05860005669708365,0.001266243141155824,0.6462198843111032,0.2913757174999221
TCGA-AN-A0AM-01A-11W-A050-09,0.00198222470474526,0.2829825910834586,0.09812841829012556,0.0019846287568947426,0.6129377682704777,0.0019843688942980876
TCGA-AC-A5EI-01A-11D-A27P-09,0.006228061804883453,0.4129332910358004,0.18479973751028678,0.006217166729456129,0.38357961940772245,0.006242123511850859
TCGA-LL-A7SZ-01A-32D-A351-09,0.003513587409909777,0.3086550499195933,0.0035184964283807713,0.003500556653175202,0.26289845781201643,0.4179138517769246
TCGA-A8-A09Q-01A-11W-A019-09,0.04015055212130683,0.3838547597092015,0.0010779890916036098,0.001081347687053013,0.5727547199766115,0.0010806314142234829
TCGA-E2-A15E-06A-11D-A12B-09,0.004523129369284211,0.004555192260318144,0.00458163537158006,0.004565364898716361,0.48850973148727533,0.49326494661282594
TCGA-B6-A0IJ-01A-11W-A050-09,0.03199111013676088,0.0011793350895156639,0.1334467882641829,0.09946564399799625,0.7327382997464328,0.0011788227651115177
TCGA-E2-A15E-01A-11D-A12B-09,0.004930635284734991,0.00496171584865569,0.11777460211936856,0.17336682661697164,0.13603827160815576,0.5629279485221134
TCGA-A8-A0A4-01A-11W-A019-09,0.007991574509301819,0.959926000518937,0.007989043373013293,0.008038026383654778,0.00803043912223322,0.008024916092860001
TCGA-E2-A1LL-01A-11D-A142-09,0.004096691941626346,0.24990978260475116,0.004102887708134193,0.0041206732313703275,0.7336578183479568,0.004112146166161315
TCGA-AN-A0FY-01A-11W-A050-09,0.003371209903029802,0.5335259841559288,0.0033830521207319645,0.0033603072136348085,0.20105466711935369,0.25530477948732105
TCGA-E2-A15J-01A-11D-A12Q-09,0.007313009184515216,0.5983972501591412,0.007293086482377753,0.007325771267622492,0.37232361194452684,0.00734727096181651
TCGA-D8-A1XG-01A-11D-A14G-09,0.008444454701480662,0.008442098970996926,0.008527790615861815,0.4775555119936223,0.00842561406563705,0.4886045296524012
TCGA-AR-A24L-01A-11D-A167-09,0.004001655367359784,0.004027397801617591,0.004023062127100219,0.004022473070748034,0.9798974776931054,0.0040279339400690235
TCGA-OL-A66O-01A-11D-A31U-09,0.007351710465897561,0.5179190259709563,0.007359029554358739,0.21431787372374342,0.0073454553189038875,0.2457069049661403
TCGA-B6-A0X0-01A-21D-A10Y-09,0.008931460949532557,0.5702985286681889,0.008921146692027357,0.3940766371864542,0.008892941260166308,0.008879285243630868
TCGA-E9-A244-01A-11D-A167-09,0.001829141090051496,0.2970995425934178,0.001826826752825304,0.2430916826787945,0.4543184538929646,0.001834352991946231
TCGA-BH-A0EA-01A-11D-A10Y-09,0.005995584260300332,0.4108976430660893,0.006055142040155157,0.006004655128561967,0.23432224149700434,0.336724734007889
TCGA-BH-A8FZ-01A-11D-A351-09,0.002563618728972962,0.1949884934473353,0.0025619896094065155,0.002553267609817939,0.794776465832938,0.002556164771529369
TCGA-BH-A0AZ-01A-21D-A12Q-09,0.0029624064471847613,0.002963883127595192,0.13591544941959882,0.1764493170776667,0.6787465677966718,0.002962376131282803
TCGA-AO-A1KT-01A-11D-A13L-09,0.003646071236306299,0.18017370165461358,0.003661098895835238,0.0036614110144687134,0.5222277455581241,0.286629971640652
TCGA-EW-A1P4-01A-21D-A142-09,0.002647063502517401,0.002638397312028715,0.0026352488518742935,0.0026288944232126343,0.8630884437595127,0.12636195215085427
TCGA-E2-A14R-01A-11D-A10Y-09,0.041685476139626775,0.0015619319143005154,0.056157240977468624,0.00156278005176144,0.897472531740803,0.0015600391760395716
TCGA-D8-A1JD-01A-11D-A13L-09,0.10026462134369768,0.0017958348753665566,0.12260478951402004,0.18717109346278402,0.5863660185433821,0.0017976422607496186
TCGA-B6-A409-01A-11D-A243-09,0.004533594165931461,0.36614022147410946,0.20373515768949002,0.004563629502383334,0.23867007980614824,0.18235731736193755
TCGA-A8-A06Y-01A-21W-A019-09,0.005463122928785107,0.445688075189426,0.005465288480614244,0.1120497416637099,0.4258947700370046,0.005439001700460182
TCGA-E9-A248-01A-11D-A167-09,0.009876656289643706,0.4437960418427644,0.23631148023298962,0.009941270500584668,0.009947088798537857,0.2901274623354796
TCGA-AN-A0FX-01A-11W-A050-09,0.036335446256443485,0.23090933691851465,0.0018932266486028707,0.001897813426649642,0.727069149734695,0.0018950270150943597
TCGA-B6-A0X1-01A-11D-A10G-09,0.07507751551843687,0.0023138480953561378,0.13083459967893415,0.002305029619883071,0.7871569476114386,0.00231205947595124
TCGA-A7-A0D9-01A-31W-A071-09,0.00764882502857248,0.007675512886995481,0.19346395388365445,0.007658642424215406,0.6240045441735463,0.15954852160301583
TCGA-A2-A3Y0-01A-11D-A23C-09,0.0009781508678445956,0.000980831610668203,0.0761242703498983,0.0010254475363163655,0.8220972277192579,0.09879407191601454
TCGA-E2-A15K-01A-11D-A12Q-09,0.004023917064457477,0.4746789896293697,0.003995188692970069,0.004023697886898181,0.3003997932311691,0.21287841349513562
TCGA-E9-A22E-01A-11D-A159-09,0.0014021203973849942,0.05052097782302173,0.21927589105447223,0.20944420065371597,0.5179528338152845,0.001403976256120636
TCGA-BH-A1EU-01A-11D-A135-09,0.009305127820399424,0.263780381978795,0.009348193321804995,0.009349667460220094,0.6988506203300202,0.009366009088760398
TCGA-E2-A15H-01A-11D-A12B-09,0.00542865192702935,0.005448441466924163,0.005455322295239341,0.0054569074575926855,0.4044506642220743,0.5737600126311402
TCGA-3C-AALI-01A-11D-A41F-09,0.0003031640591359221,0.053846095492149346,0.8863545997092876,0.05570172990138532,0.003491182590854308,0.00030322824718744435
TCGA-C8-A130-01A-31D-A10Y-09,0.0036492694280659244,0.5414453379847152,0.13993535625433937,0.003663926262666476,0.003671078235140741,0.30763503183507224
TCGA-AC-A6NO-01A-12D-A33E-09,0.00601414397304819,0.2058876577948508,0.2031301465409493,0.12288273773075435,0.006025448024262387,0.456059865936135
TCGA-AC-A8OS-01A-12D-A41F-09,0.0036377810001723358,0.20819815111518317,0.18284501743240075,0.0036624778810061885,0.5979875670304128,0.0036690055408248354
TCGA-D8-A1J9-01A-11D-A13L-09,0.05688416049444181,0.0008237783019594117,0.8549587619376083,0.08568722322606033,0.0008235205265756612,0.0008225555133543241
TCGA-C8-A8HR-01A-11D-A36J-09,0.004790561172088491,0.28194786928362475,0.004818300015526208,0.004807646550555568,0.6988191114340335,0.004816511544171356
TCGA-EW-A1PG-01A-11D-A142-09,0.015357424820271671,0.9234423824386478,0.015296491400137412,0.015325800882835361,0.015305218962704077,0.015272681495403657
TCGA-E2-A1B4-01A-11D-A12Q-09,0.004825188112522719,0.4071729609139481,0.12199377561821237,0.004823135295965645,0.4563642391059507,0.00482070095340067
TCGA-D8-A1JS-01A-11D-A13L-09,0.0073694191307176575,0.4967140642710325,0.007349086052157421,0.007311121977399492,0.473934264044071,0.0073220445246218735
TCGA-D8-A27T-01A-11D-A16D-09,0.006701722861872951,0.5273029611399378,0.1580438992703396,0.006777174012072083,0.00675820400898948,0.2944160387067882
TCGA-D8-A3Z6-01A-11D-A23C-09,0.0077003493270698855,0.3377560207848022,0.10369696515665187,0.007654932848251113,0.5355034855682815,0.00768824631494354
TCGA-A2-A1G1-01A-21D-A13L-09,0.005803520938815163,0.4755588171001451,0.0058032057127584335,0.0058196752485091706,0.5012124922696567,0.005802288730115512
TCGA-OL-A66H-01A-11D-A29N-09,0.009309878952918035,0.00936791397286063,0.009326997373944835,0.009349022570163014,0.7508925303994219,0.21175365673069146
TCGA-D8-A1JI-01A-11D-A13L-09,0.005098981713874281,0.37354972026360095,0.005093398901105598,0.0051113785419969636,0.4186082236687134,0.19253829691070878
TCGA-AN-A0FT-01A-11W-A050-09,0.0016387549025006552,0.3360357895622554,0.2983434523928379,0.0016343726031158804,0.17627226851630562,0.1860753620229846
TCGA-BH-A0AV-01A-31D-A10Y-09,0.08175783770228301,0.002519665533350117,0.0025253591372778697,0.002515915864323755,0.90815840554401,0.0025228162187553673
TCGA-A1-A0SM-01A-11D-A099-09,0.22660404984251237,0.7453000312410357,0.006975511809477167,0.0070419622083624555,0.007027339979652287,0.007051104918959834
TCGA-BH-A1FM-01A-11D-A13L-09,0.003185320271325337,0.4615499204473892,0.28555166565810103,0.0031783882738661306,0.24334790790137062,0.0031867974479477066
TCGA-BH-A1EX-01A-11D-A13L-09,0.008430561891015008,0.5933769461880665,0.008363344193274532,0.008431944730508883,0.00844803977626344,0.3729491632208717
TCGA-AR-A1AN-01A-11D-A12Q-09,0.0064521931297119965,0.32060317523048715,0.17125636624178364,0.006467366399433165,0.09429123094950059,0.4009296680490834
TCGA-C8-A12L-01A-11D-A10Y-09,0.0024346412093456627,0.3141912912294964,0.002434834535164017,0.0024474016069036876,0.6760455510748854,0.0024462803442046824
TCGA-B6-A0I9-01A-11W-A050-09,0.0023726031336065907,0.611216383890391,0.0023798837884304986,0.0023702642144473344,0.37928239755024173,0.0023784674228828073
TCGA-UU-A93S-01A-21D-A41F-09,0.0011752625091687636,0.00117899634892781,0.07521084194189001,0.337400904236498,0.4280370427156952,0.15699695224782034
TCGA-BH-A6R9-01A-21D-A32I-09,0.20799306880733692,0.016804367022809515,0.016765110858405048,0.016784207690931953,0.724909674658738,0.016743570961778486
TCGA-AO-A0JG-01A-31D-A099-09,0.010463676061701021,0.010469316899867903,0.010469902340912779,0.22252213254119163,0.7355549965144915,0.010519975641835228
TCGA-B6-A0RP-01A-21D-A099-09,0.006712628270734098,0.5155315939032535,0.006691322276575528,0.0067490597084943,0.45756048778875996,0.006754908052182595
TCGA-GM-A2DH-01A-11D-A17W-09,0.0009486399820116334,0.046582267699737986,0.4566320630065067,0.11130524979913946,0.3835853327199529,0.0009464467926513951
TCGA-A8-A07P-01A-11W-A019-09,0.04680209674429531,0.4281675988944373,0.0033172483580926958,0.003311598085255146,0.23058248381648144,0.28781897410143814
TCGA-A7-A13E-01A-11D-A12Q-09,0.0031127961052455325,0.4335560411706428,0.003136499716928223,0.003130469023961163,0.24012341738479961,0.3169407765984228
TCGA-AO-A12F-01A-11D-A10Y-09,0.14657261797517873,0.0048187955774585695,0.004774342293146974,0.004815597533871688,0.34063948216993434,0.4983791644504097
TCGA-C8-A275-01A-21D-A16D-09,0.001358305034903746,0.001360432868389126,0.8205381541213079,0.001359060537947655,0.17402305986246558,0.0013609875749860047
TCGA-A8-A07O-01A-11W-A019-09,0.003925327764673279,0.5800815443703826,0.31969528942442804,0.003904199923086661,0.00392269676524203,0.0884709417521874
TCGA-D8-A142-01A-11D-A10Y-09,0.0012963941152378921,0.3876951883030072,0.05966920518655328,0.001299399203353996,0.5487409315652445,0.001298881626603122
TCGA-E2-A1LA-01A-11D-A142-09,0.0019148621190938641,0.001920631036295031,0.0019136361892103638,0.0019172385930670483,0.9904112011344652,0.0019224309278683745
TCGA-A2-A04P-01A-31D-A128-09,0.0012771179057690998,0.001279839004276575,0.03810814452463526,0.09874093592278486,0.8593137963950223,0.0012801662475120188
TCGA-A2-A0CS-01A-11D-A10Y-09,0.004656334519174001,0.5275831996922259,0.004664291614855369,0.1517097886519039,0.004682780016747588,0.30670360550509335
TCGA-D8-A1Y0-01A-11D-A14K-09,0.0025546941816556707,0.002561312111993393,0.0025627130656901776,0.13337827957662596,0.8563816510333938,0.002561350030640865
TCGA-BH-A0HI-01A-11D-A099-09,0.17038425743358548,0.5254777826480579,0.1603147467505711,0.006526400261988413,0.00649188577955468,0.13080492712624248
TCGA-BH-A0C7-01B-11D-A10Y-09,0.003445229456518711,0.6711234857302156,0.06776389553713574,0.003441286554154781,0.0034406487490723035,0.2507854539729028
TCGA-PL-A8LZ-01A-31D-A36J-09,0.00196477702436749,0.3329578334935937,0.09133449833674274,0.5167411781573555,0.05503812422429342,0.0019635887636471846
TCGA-BH-A0AY-01A-21W-A019-09,0.0034544439692566044,0.5528223484925187,0.15637322152032665,0.003434354204397578,0.28047296735967203,0.0034426644538284026
TCGA-E9-A1RB-01A-11D-A17G-09,0.0049386577400164795,0.004962845613898089,0.004932902032936676,0.26703194662192675,0.25170767804437677,0.46642596994684526
TCGA-B6-A0RS-01A-11D-A099-09,0.0011128693853931443,0.07282938044646121,0.0011100112289356477,0.04290799658794159,0.8809302293482262,0.0011095130030421554
TCGA-E9-A3X8-01A-31D-A22X-09,0.005404279005594392,0.7921891913475557,0.18610714850802332,0.0054335545791416836,0.00544753159423324,0.005418294965451574
TCGA-AC-A3QQ-01A-11D-A228-09,0.006258296942584344,0.6723811086186209,0.006197888270562098,0.006234515431151852,0.3026701110737439,0.0062580796633369415
TCGA-OL-A66J-01A-11D-A29N-09,0.0033233571743884033,0.2997960592625447,0.0876006874416245,0.0033145261218847683,0.1746265390623986,0.431338830937159
TCGA-AN-A0XS-01A-22D-A10G-09,0.006501301650343757,0.45772659361488927,0.10415201038097996,0.0064804332692738565,0.41863725297747634,0.006502408107036952
TCGA-AN-A0G0-01A-11W-A050-09,0.005250548358993791,0.7282694364393737,0.0053095218602944765,0.2506341043190904,0.005279599664231313,0.005256789358016471
TCGA-D8-A73U-01A-11D-A33E-09,0.0013002122816021821,0.0012970256740333645,0.8394887546172347,0.001296791378782548,0.0831843452905892,0.07343287075775817
TCGA-EW-A6SC-01A-12D-A32I-09,0.006994801506487616,0.007018661062309961,0.23660422927193656,0.2760034717973133,0.2761150574474244,0.19726377891452812
TCGA-BH-A0DV-01A-21D-A12Q-09,0.015202675792154256,0.01524949969997227,0.015455383623672887,0.015333753275340395,0.9235113675461577,0.015247320062702558
TCGA-AQ-A54O-01A-11D-A25Q-09,0.00767781464679286,0.9616131206556913,0.007729364829454198,0.007640821012933546,0.007676049441888738,0.007662829413239333
TCGA-A2-A0CU-01A-12W-A050-09,0.004308085672352011,0.378067106799515,0.004340268875503893,0.004317652931822288,0.6046450907652928,0.004321794955513833
TCGA-LD-A66U-01A-11D-A31U-09,0.007011827312762159,0.5919179962151805,0.006994050358213544,0.007034251904272085,0.3799979888959084,0.007043885313663345
TCGA-AR-A2LH-01A-31D-A18P-09,0.0029180656483733538,0.15073323777181538,0.752311314540996,0.0882109352848341,0.0029100957895692465,0.002916350964411946
TCGA-HN-A2OB-01A-21D-A27P-09,0.011997474743079915,0.012050456896318045,0.25535277862858924,0.01208042276483196,0.32268774855505244,0.3858311184121284
TCGA-AR-A1AO-01A-11D-A12Q-09,0.0021325000632979587,0.13544025858523814,0.1618082317771389,0.0021373524514651725,0.6963522213492274,0.0021294357736324505
TCGA-D8-A27L-01A-11D-A16D-09,0.003815504251087173,0.4962642491135077,0.4884178104190537,0.0038239773658010237,0.0038436898349089583,0.003834769015641295
TCGA-A8-A09M-01A-11W-A019-09,0.09668106177190448,0.06392302052058503,0.0012849816417583723,0.04992420926792924,0.786899946524901,0.001286780272921702
TCGA-BH-A0E1-01A-11W-A071-09,0.005269573022081857,0.19885976741779976,0.47598276121686484,0.005240678819109982,0.010119099601323055,0.3045281199228205
TCGA-D8-A1J8-01A-11D-A13L-09,0.014711599829372781,0.00022002083552517322,0.6333539910574618,0.00022032847627161288,0.06951822997904036,0.28197582982232844
TCGA-A8-A08R-01A-11W-A050-09,0.0006804427996316551,0.0006823634806201167,0.13040606365379684,0.1307589989494747,0.6977852581744314,0.03968687294204529
TCGA-BH-A1EV-01A-11D-A135-09,0.0017622484085592124,0.0017571561781452895,0.6319040388857932,0.0017589015158856866,0.19738617063383124,0.1654314843777854
TCGA-A8-A06T-01A-11W-A019-09,0.0062018234148712775,0.006245591777712271,0.14001221442788891,0.006234535328084254,0.4949807549063169,0.3463250801451265
TCGA-GI-A2C8-01A-11D-A16D-09,0.0014655930167967173,0.23998709326950926,0.0014700938633813517,0.09825602319015722,0.6573558854751748,0.0014653111849807351
TCGA-AR-A2LR-01A-12D-A18P-09,0.003058143202559909,0.5788525378846118,0.003062921932105972,0.10241864675434947,0.30953614179593675,0.003071608430436028
TCGA-AO-A0JI-01A-21W-A100-09,0.00993543422303099,0.9504524746556681,0.00982930941270465,0.009897000872409304,0.009921064135425511,0.009964716700761383
TCGA-C8-A1HO-01A-11D-A13L-09,0.07785204085096621,0.39019738064414927,0.09790049583663334,0.004973977389314821,0.26885771485222426,0.16021839042671202
TCGA-AQ-A0Y5-01A-11D-A14K-09,0.003002088466429304,0.397101607205805,0.24866582853197997,0.003017064198969532,0.19478895585832612,0.15342445573849
TCGA-AR-A2LL-01A-11D-A17W-09,0.005123016115722537,0.8599431826687435,0.0050968161003769,0.119594332679286,0.0051204726804051585,0.005122179755465881
TCGA-A7-A0DA-01A-31D-A10Y-09,0.0011691879313443527,0.09314427827480676,0.0011696507181451926,0.15366406448501987,0.7496844595402267,0.0011683590504571648
TCGA-B6-A1KC-01B-11D-A159-09,0.006006915653341669,0.39412322352921747,0.006067022877451355,0.2767387329390399,0.006035577836944392,0.3110285271640053
TCGA-AC-A2QH-01B-04D-A22N-09,0.005449017409425102,0.37545844807519535,0.13853389576941022,0.005450158576150417,0.0054510991989463525,0.46965738097087245
TCGA-GM-A2DO-01A-11D-A19Y-09,0.0010102188901637088,0.0010110565668232615,0.8900312607636544,0.0010112025064894737,0.10592402801818879,0.0010122332546804757
TCGA-E9-A247-01A-11D-A167-09,0.004425636743718875,0.32981524208979035,0.004446120176908,0.004445534952925416,0.21599177174037684,0.44087569429628054
TCGA-A8-A06Q-01A-11W-A050-09,0.0007080164550547657,0.12924838722528417,0.8371374675135852,0.0007077308720925212,0.03148972676171929,0.0007086711722640728
TCGA-A2-A0YM-01A-11D-A10G-09,0.0021019693204602885,0.3673313592448425,0.22896612749088166,0.002111641061063503,0.24673781321491123,0.15275108966784087
TCGA-E9-A1R4-01A-21D-A14G-09,0.0013617744927851175,0.0013597561697612972,0.6985169426116917,0.1399578756381874,0.07343539339415969,0.08536825769341472
TCGA-OL-A5RY-01A-21D-A28B-09,0.018736282445929918,0.9060285699196794,0.018871803190754367,0.01865466987186345,0.01880474893543847,0.018903925636334192
TCGA-D8-A1XV-01A-11D-A14K-09,0.005407675629231207,0.5568628081388229,0.005460367146978586,0.0054385336718305675,0.4213822527527664,0.005448362660370324
TCGA-D8-A143-01A-11D-A10Y-09,0.003720685103200128,0.3457110332361364,0.0037299607682436883,0.1595212090741572,0.4835702833999828,0.0037468284182799504
TCGA-BH-A18L-01A-32D-A12B-09,0.003255446600589179,0.4643919714918545,0.003243581167472393,0.07815348128591444,0.1904425377085498,0.2605129817456197
TCGA-E9-A22G-01A-11D-A159-09,0.0018162665449698691,0.001815089591214103,0.0018120345256180264,0.3106476016160757,0.6820933240478081,0.001815683674314235
TCGA-A2-A4RW-01A-21D-A25Q-09,0.0015563355959653594,0.0015586220642513993,0.5439545547119877,0.09539682226344288,0.2908997963040868,0.06663386906026585
TCGA-E9-A1R2-01A-11D-A14G-09,0.00336192823812409,0.1994965005704167,0.0033819383027067548,0.10235643170177915,0.6880314871945332,0.0033717139924400127
TCGA-AR-A0TS-01A-11D-A10Y-09,0.002182260353085666,0.15936452112309565,0.07862529401453405,0.2247161353462287,0.5329217054945895,0.002190083668466578
TCGA-A2-A0EP-01A-52D-A22X-09,0.26183989179102185,0.018798199231746224,0.43837176963990787,0.01867437559946638,0.018836315856205148,0.24347944788165254
TCGA-BH-A0HA-01A-11D-A12Q-09,0.000571861537112288,0.0005723681549850543,0.08479996640066734,0.000572279944024602,0.17005456566385033,0.7434289582993603
TCGA-E2-A1IG-01A-11D-A142-09,0.004116741610240561,0.6263563904013364,0.004106713157760503,0.004098052482576005,0.35720480790855197,0.0041172944395346045
TCGA-E2-A572-01A-13D-A31U-09,0.008848365951598255,0.008891269066514345,0.14667651092865394,0.008846022419791,0.4365014006416304,0.39023643099181193
TCGA-LL-A9Q3-01A-11D-A41F-09,0.003731168482648969,0.24889430164665813,0.0699629314668994,0.003743814227889694,0.37886536845584934,0.29480241572005444
TCGA-A2-A259-01A-11D-A16D-09,0.007998094979722804,0.42360281649739395,0.2510444453921826,0.007994741922813863,0.3013189013251712,0.008040999882715559
TCGA-BH-A28Q-01A-11D-A16D-09,0.00800963530714815,0.008033722678398723,0.008059175634680386,0.008002080007859718,0.4290106233317796,0.5388847630401334
TCGA-BH-A0EI-01A-11D-A10Y-09,0.00887364720189485,0.9556482882582006,0.008831834774963595,0.008845493883463883,0.008890979053922351,0.008909756827554564
TCGA-E2-A15R-01A-11D-A10Y-09,0.0043102056150009635,0.502727062578053,0.12279798925691146,0.15462926306853436,0.004322964574099239,0.211212514907401
TCGA-AO-A124-01A-11D-A10M-09,0.05422769401088744,0.19236378816467187,0.0012829442545376386,0.12807837467871327,0.6227622880487902,0.0012849108423996815
TCGA-AR-A24M-01A-11D-A167-09,0.009340837302925306,0.46679508983304036,0.009355274826709909,0.009347426203815025,0.49577808562082143,0.009383286212687999
TCGA-D8-A1JG-01B-11D-A13L-09,0.4254922465630145,0.33004949762453123,0.06033421176860483,0.0012990462907240823,0.18152799594214072,0.0012970018109845587
TCGA-BH-A0BM-01A-11W-A071-09,0.007040278180222642,0.23163911897727174,0.18635177814611775,0.007024826872759938,0.5609308671295901,0.007013130694037963
TCGA-OL-A66K-01A-11D-A29N-09,0.006461732553796673,0.006490068545198357,0.0065145455162915035,0.006481639566096479,0.5820542841198069,0.39199772969881014
TCGA-GM-A2DF-01A-11D-A17W-09,0.003810677353613305,0.09190435820003008,0.14689670974151672,0.00383517780585138,0.4727979357206806,0.2807551411783079
TCGA-A2-A25B-01A-11D-A167-09,0.10321508539978617,0.04338851190360665,0.001719890563777325,0.2637158022341716,0.5862393355695279,0.0017213743291301807
TCGA-AR-A0TW-01A-11D-A099-09,0.0031341278739594833,0.4184041065985986,0.054346940441949786,0.27752526378808645,0.0031245256465013997,0.24346503565090422
TCGA-E2-A15T-01A-11D-A10Y-09,0.005416434004969984,0.6437341394609114,0.06983755156612113,0.00545753322871033,0.005452745051389606,0.2701015966878975
TCGA-B6-A0RM-01A-11D-A099-09,0.0062442552358358055,0.006257036657543258,0.18316867621515623,0.006241528753996154,0.42000118440375367,0.3780873187337148
TCGA-A8-A0A2-01A-11W-A050-09,0.25814969025552525,0.3327826556668285,0.004209923066733532,0.00421655789806697,0.3317647269931831,0.06887644611966276
TCGA-C8-A12V-01A-11D-A10Y-09,0.004028278390155622,0.004012793942848147,0.004024583956995181,0.004015561326852415,0.7376765735561013,0.2462422088270475
TCGA-BH-A5J0-01A-11D-A27P-09,0.0677692568595068,0.39029433558529186,0.5339040722733914,0.002675752245579577,0.002679222796462563,0.002677360239767682
TCGA-E9-A1NF-01A-11D-A14G-09,0.00344256209496717,0.2979111820073917,0.37972189783315036,0.00344213564507569,0.312054037570218,0.003428184849197032
TCGA-E2-A1B1-01A-21D-A12Q-09,0.003329194506560936,0.3547502524916228,0.6319932291636601,0.0033131059693874325,0.0033107563275333223,0.0033034615412354026
TCGA-UL-AAZ6-01A-11D-A41F-09,0.0018587781242972495,0.0018539493282862614,0.11508515838461918,0.16691248048381777,0.43307064824147984,0.28121898543749974
TCGA-AR-A0U3-01A-11D-A10G-09,0.09939460519864399,0.5715156828833551,0.004796890710955004,0.004827268612064458,0.0048267156786225085,0.31463883691635897
TCGA-AC-A2BM-01A-11D-A21Q-09,0.012105755065737678,0.01205454718506664,0.011944910564032102,0.34390698760862776,0.012094463972618047,0.6078933356039178
TCGA-C8-A12M-01A-11D-A135-09,0.16753587214476778,0.20805552594802731,0.0028390186979298905,0.07146002868544915,0.3402347470683646,0.20987480745546136
TCGA-AO-A0J8-01A-21D-A045-09,0.07889005570003801,0.43904591989062014,0.006516039490059285,0.006461773081863617,0.462606295791124,0.006479916046295046
TCGA-E2-A1IN-01A-11D-A13L-09,0.0008473360756501871,0.0008520531282499174,0.7674812374922247,0.04875118168715712,0.13883367215127157,0.04323451946544643
TCGA-AC-A3W7-01A-11D-A228-09,0.002723585331520906,0.002721706638438249,0.7001602385085839,0.002720150781064608,0.08961387571273352,0.20206044302765885
TCGA-AR-A2LN-01A-21D-A18P-09,0.004210882244827796,0.004219017758810425,0.6633683818149988,0.004215421663961338,0.004220934689378978,0.3197653618280226
TCGA-D8-A27W-01A-11D-A16D-09,0.004807167700945967,0.34119486987787895,0.20245298835212286,0.004812334218013423,0.004818392191691519,0.44191424765934734
TCGA-A7-A6VX-01A-12D-A33E-09,0.00134600524357098,0.07181231494530897,0.1792288769192202,0.08813126610367057,0.658133038313808,0.0013484984744212838
TCGA-BH-A0BQ-01A-21D-A10Y-09,0.006737342516301908,0.5781732932274064,0.006778241580759942,0.2253571123060819,0.006744823414007861,0.17620918695544194
TCGA-LD-A9QF-01A-32D-A41F-09,0.01126217565384447,0.8498194459829649,0.01115730504760017,0.011228095571716012,0.011262410326579497,0.10527056741729517
TCGA-BH-A18T-01A-11D-A12B-09,0.0019167956855260678,0.10257938599576709,0.1160101739677396,0.27243279343389193,0.5051428856215211,0.0019179652955541497
TCGA-AR-A0U2-01A-11D-A10G-09,0.0034998618372495986,0.3888226974949429,0.0034909054206204524,0.0035176830748204144,0.18788695868110028,0.4127818934912663
TCGA-A8-A09B-01A-11W-A019-09,0.00382697572616657,0.6839958706301338,0.14282545054490012,0.0038256919307608135,0.16169633408789888,0.003829677080139756
TCGA-BH-A209-01A-11D-A17G-09,0.0017491584733176164,0.0017598256835892646,0.9473807348097337,0.001748991000456383,0.04560707092935958,0.001754219103543506
TCGA-W8-A86G-01A-21D-A36J-09,0.009999911377649277,0.6907623597978285,0.009867945984803618,0.26941928756143607,0.009935489160310949,0.010015006117971313
TCGA-A8-A08S-01A-11W-A050-09,0.003513628962774292,0.6328046497728906,0.0035192185283972055,0.003510380763663699,0.17051748945179174,0.18613463252048246
TCGA-A1-A0SG-01A-11D-A142-09,0.005805990203700781,0.42653565329741344,0.005810116746276665,0.005787409723371049,0.5502333516744784,0.00582747835475969
TCGA-D8-A1XC-01A-11D-A14G-09,0.005464042320496865,0.6315936404531444,0.00544769721185289,0.005422799382527903,0.0054475737426012034,0.34662424688937665
TCGA-3C-AALK-01A-11D-A41F-09,0.10174644084442183,0.3224126102701036,0.1815554256430891,0.003372720508213441,0.02422881011657294,0.36668399261759915
TCGA-GM-A2DK-01A-21D-A17W-09,0.10094121069649199,0.5231718132570586,0.006753783500358036,0.006726535850727994,0.3556700975991306,0.006736559096232836
TCGA-E2-A1L6-01A-11D-A13L-09,0.18062084403979653,0.009400950597095658,0.009355108764994282,0.009326636073060812,0.7818895460532889,0.009406914471763846
TCGA-EW-A1J5-01A-11D-A13L-09,0.00037605874229789115,0.00037686672481425875,0.9981171189836696,0.0003768393639496551,0.0003760664323692273,0.00037704975289935415
TCGA-A2-A04Q-01A-21W-A050-09,0.07528190488997855,0.20763494167789404,0.0795616425673056,0.003588298372084856,0.6303490549918042,0.003584157500932828
TCGA-GM-A3XG-01A-31D-A243-09,0.033584007392436374,0.03374406217547308,0.28408111655308055,0.5813011114909604,0.03388947254391242,0.03340022984413728
TCGA-B6-A0IC-01A-11W-A050-09,0.004803970082483189,0.004815097086456096,0.14361209052972673,0.36002841321726353,0.004819205404068684,0.48192122368000156
TCGA-C8-A12X-01A-11D-A10Y-09,0.0035900078432839137,0.33091268546010344,0.003591823762448219,0.10268272120799432,0.5435486023846785,0.01567415934149164
TCGA-BH-A0BV-01A-11W-A019-09,0.10289017671559801,0.005821177029022495,0.24879352828146775,0.0058041817359297905,0.5059299436137729,0.13076099262420907
TCGA-A8-A0A9-01A-11W-A019-09,0.0030187058432220794,0.5879538552733454,0.2724172737731673,0.003007811302884306,0.00300680204403497,0.1305955517633458
TCGA-C8-A26X-01A-31D-A16D-09,0.0027632114388115147,0.32251571666090273,0.0027612994373283186,0.0027700094868490337,0.666424387855848,0.002765375120260497
TCGA-A2-A0YI-01A-31D-A10M-09,0.01050907236866352,0.46162335406602234,0.010589298691735903,0.24237187155229692,0.2644024384325521,0.01050396488872919
TCGA-C8-A12T-01A-11D-A10Y-09,0.0010234340977416725,0.104410205590499,0.8537574485514089,0.0010223470095700909,0.001022297383850875,0.03876426736692951
TCGA-AC-A6IX-06A-11D-A32I-09,0.004311755324506506,0.5588921590375042,0.4238260589215781,0.004300679456645339,0.004330719733326109,0.004338627526439796
TCGA-BH-A0DT-01A-21D-A12B-09,0.014170439528010824,0.4174067483759544,0.16026803694748945,0.014006107938347211,0.38009139284498406,0.014057274365213939
TCGA-E2-A1IF-01A-11D-A142-09,0.012154399934391664,0.012074466976113987,0.011966281739280896,0.011998762584917994,0.7353645597651507,0.2164415290001447
TCGA-A8-A08G-01A-11W-A019-09,0.003919065551762217,0.3531623003542336,0.07465279962917912,0.0039161251091760375,0.2941818079375491,0.2701679014181
TCGA-E2-A15A-01A-11D-A12B-09,0.0031927288178208654,0.5336354246698708,0.003180173407959283,0.0031858896341718096,0.45362788362859296,0.003177899841584186
TCGA-A2-A4S2-01A-12D-A25Q-09,0.005074611771136672,0.5430228440573497,0.005139079470190727,0.005110130237314494,0.43655910927224084,0.005094225191767611
TCGA-BH-A1EW-01A-11D-A135-09,0.012000708336366446,0.01206236599970334,0.577307115680547,0.0119761732505173,0.012054712251814545,0.3745989244810512
TCGA-A8-A06O-01A-11W-A019-09,0.0026801347312332565,0.6577148789418171,0.0026773160418636296,0.002681932288322243,0.13969263423492073,0.19455310376184307
TCGA-C8-A8HQ-01A-11D-A36J-09,0.0006732499414284957,0.037340546967102824,0.8679304146440919,0.0006741330222024852,0.0006744816298324903,0.09270717379534173
TCGA-C8-A12W-01A-11D-A10Y-09,0.00281028581533245,0.53476420914008,0.002812032956988979,0.002810662281903388,0.19495536783336467,0.2618474419723304
TCGA-B6-A0RU-01A-11D-A099-09,0.14713591064391107,0.208301519169838,0.0036663967197121407,0.003664313957373783,0.6335650158756297,0.003666843633535416
