,Topic 1,Topic 2,Topic 3,Topic 4,Topic 5,Topic 6,Topic 7,Topic 8,Topic 9,Topic 10
TCGA-D8-A146-01A-31D-A10Y-09,0.0030312917973600263,0.003031006367831856,0.0030308059253866823,0.003031426659690922,0.5354874930674756,0.3825609970252289,0.0030309158777547234,0.0030312619527331436,0.003031180874816833,0.060733620451721246
TCGA-EW-A2FW-01A-11D-A17D-09,0.004348214227536872,0.004349644243645255,0.004348621427962633,0.004348759046397828,0.2623981039323179,0.004349286185837202,0.004348658241564897,0.7028109283071506,0.004348827677089752,0.004348956710497239
TCGA-A7-A0CD-01A-11W-A019-09,0.0037044301511663966,0.003704696818451795,0.00370415530052292,0.22843283904247286,0.003704637386655605,0.003704630196056324,0.003704419043016545,0.7419310337783722,0.0037044613331746567,0.00370469695011067
TCGA-A8-A09K-01A-11W-A019-09,0.002381413248150692,0.0023815079531103464,0.002381335137153332,0.0023817985120413547,0.32517390914320327,0.1054685268789307,0.002381440655195426,0.5526864426674293,0.0023818729861175263,0.0023817528186682473
TCGA-AR-A0U0-01A-11D-A10G-09,0.09128479485721079,0.002857950928700434,0.158137649467489,0.002858281962399372,0.0028577207590767544,0.002857917237087048,0.0028580110351238554,0.5398489598812023,0.00285803688928043,0.19358067698242998
TCGA-A8-A07G-01A-11W-A050-09,0.001724594633475841,0.17142058374201935,0.0017247182073016612,0.15371625114218015,0.19105387534438936,0.0017246014201279909,0.0017246266535767426,0.2516202250295412,0.0017245903732665956,0.2235659334541212
TCGA-AR-A24Q-01A-12D-A167-09,0.0005749003143931836,0.12258115227622253,0.08957266690798915,0.07233060077764014,0.00057488151979179,0.0005748849274853525,0.0005748714590689348,0.0005748638530858153,0.0005748746087133592,0.7120663033556096
TCGA-D8-A27R-01A-11D-A16D-09,0.1038943733433771,0.0037049124003152717,0.003704778325726928,0.003705075952626952,0.19366899703341645,0.0037046660372301306,0.003704859747311667,0.003704783354242232,0.3112931476744188,0.36891440613133447
TCGA-D8-A1XR-01A-11D-A14K-09,0.004167211758998107,0.3829581618069384,0.004167606717507962,0.0041683579417241285,0.004167951340069068,0.5788263292217677,0.004167656904849187,0.009041169467263624,0.004167884389810343,0.004167670451071384
TCGA-B6-A0WV-01A-11D-A10G-09,0.0035718924659837235,0.0035720793511463188,0.003572734272846617,0.1503664032057907,0.003572421601643429,0.0035725609858219204,0.0035726602359980285,0.1723151472044981,0.0035725135704997566,0.6523115871057715
TCGA-E9-A1NA-01A-11D-A142-09,0.0011632317463360618,0.0011631563670720017,0.23647839246520785,0.0011631161929971622,0.0011631548114028716,0.0011630944754613733,0.0011631382395556789,0.0011631525706123226,0.31050689214036076,0.4448726709909939
TCGA-BH-A0BS-01A-11D-A12Q-09,0.006667361174984023,0.006668171358748344,0.006668521876395275,0.2211609272864322,0.00666936409892223,0.006669760232136115,0.006668368808208623,0.006668774263904644,0.7254904004364838,0.0066683504637846825
TCGA-B6-A1KI-01A-11D-A14K-09,0.1283857032294041,0.005000835318676843,0.005001509458969902,0.005001818910013028,0.005001078833769178,0.005001271264661706,0.0050014614335246775,0.6369975983198238,0.005001226511301232,0.1996074967198555
TCGA-S3-AA11-01A-31D-A41F-09,0.07126545485826048,0.2839989960507167,0.0015155298664799586,0.0015156544991500214,0.0015156666304707305,0.0015156416723483262,0.001515611788148041,0.0015156685006491096,0.001515612644105262,0.6341261634896714
TCGA-A2-A0CR-01A-11D-A228-09,0.000787570680331758,0.06848158932594005,0.8292764615489284,0.042675501748704006,0.0007876258309408475,0.0007875675214421497,0.000787591368596213,0.0007876134850575778,0.0007876199108337314,0.05484085857922532
TCGA-AO-A03O-01A-11W-A019-09,0.0012661621420052972,0.0012661044041771632,0.0012661637692261828,0.0012661001993613014,0.0012660640784519438,0.0012661484832508366,0.0012662223634083987,0.6521905348574566,0.0012661075544512228,0.3376803921482111
TCGA-E2-A15L-01A-11D-A12B-09,0.003449233896942392,0.0034494980476135325,0.003449287170523717,0.0034487835512488395,0.0034492649702158058,0.003449360353269282,0.27540405228805265,0.6970019416070004,0.0034493098980129836,0.0034492682171204606
TCGA-A8-A07F-01A-11W-A019-09,0.0037041939555921355,0.003704778488671884,0.00370514348712909,0.0037045220017038758,0.0037048435785842567,0.003704504292609574,0.0037048760060269244,0.9666571742745619,0.003705073857993745,0.0037048900571265194
TCGA-A7-A6VV-01A-22D-A33E-09,0.0020415574359867335,0.3107188550859278,0.0020413713883800904,0.12552903607746943,0.0020413212459008865,0.1269113689834095,0.4245922783976135,0.002041438434173379,0.0020413779326637132,0.0020413950184750033
TCGA-A8-A095-01A-11W-A019-09,0.0006371191525783461,0.02073188862724954,0.7188599437884098,0.000637090566542204,0.25594834894547625,0.0006371336420521234,0.0006371144165314901,0.0006371181866027477,0.0006370978450314786,0.000637144829525965
TCGA-A2-A3XW-01A-11D-A23C-09,0.014290205070088161,0.014287057737177674,0.01428932172366945,0.01428754020313922,0.531307984825252,0.18570808552032048,0.0142900502039996,0.014289705769023504,0.014287578026685581,0.18296247092064433
TCGA-A2-A0EO-01A-11W-A050-09,0.003448871608669599,0.003448946780459277,0.0034492011008276195,0.44792152285874903,0.0034494490555537225,0.0034491421937730337,0.0034490692552189045,0.0034491361940546736,0.5244857074268092,0.0034489535258849847
TCGA-EW-A1J2-01A-21D-A13L-09,0.0030310371007985443,0.0030311993296705036,0.003031392625426424,0.003030775908716342,0.48317896719790543,0.0030314170648394092,0.0030312153122242385,0.0030312673937048684,0.4925715837217724,0.003031144344941768
TCGA-AR-A255-01A-11D-A167-09,0.14110478962178688,0.29883357218678813,0.0016671893317617326,0.0016670866061668066,0.0016671947424387159,0.0016672677073170678,0.548391237830615,0.0016671942857330705,0.0016672392954903878,0.0016672283919021943
TCGA-A8-A08P-01A-11W-A019-09,0.0014711816925074938,0.0014709380316379507,0.25827324160870446,0.0014709408200643049,0.0014710041275749137,0.0014710362134959616,0.0014710153847292764,0.411364314471023,0.0014710075245988898,0.32006532012566363
TCGA-B6-A0RT-01A-21D-A099-09,0.001961644247676958,0.001961355321993795,0.001961339230830425,0.0019610680973002857,0.0019612077778689146,0.001961197460731719,0.2801775882497218,0.0019612768019276537,0.0019613400702347497,0.7041319827417137
TCGA-A2-A0CQ-01A-21W-A050-09,0.002703858833104926,0.0027034015062300104,0.0027033890661203163,0.18510988685274796,0.002703442190820965,0.0027034652974263704,0.0027034740755130958,0.41529807155430165,0.00310981135668964,0.3802611992670451
TCGA-B6-A0IE-01A-11W-A050-09,0.003125684162566246,0.0031259879421874906,0.003126269177154583,0.11752727120655473,0.0031260110748264356,0.0031259298071673308,0.0031260461156415393,0.003125929404682187,0.8574649362268044,0.003125934882415017
TCGA-BH-A0W7-01A-11D-A10Y-09,0.00046963097955410364,0.00046963041739113014,0.8746787828521867,0.03351210552328713,0.00046962141246480264,0.00046961081217632784,0.0004696030476831976,0.0004696083363937043,0.0004695997445050447,0.08852180687435776
TCGA-A2-A0EQ-01A-11W-A050-09,0.0004292738298304703,0.00042931838251691293,0.70866430288911,0.0004293042068113507,0.000429297975360868,0.09457199265324662,0.00042931840856653383,0.0004293129596177924,0.00042932050818352127,0.19375855818675583
TCGA-AR-A1AS-01A-11D-A12Q-09,0.06195041925703693,0.002500592686294685,0.09109576895931246,0.002501040298401117,0.36012838878843284,0.0025007018062973957,0.002500747008699584,0.47182080086479333,0.0025007752032379558,0.0025007651274939267
TCGA-D8-A27K-01A-11D-A16D-09,0.005001319016111986,0.005001509113325449,0.005001920977224651,0.005002100871527489,0.005001027565780257,0.005001759571762622,0.005001756207433918,0.9549849929846799,0.005002221861471921,0.0050013918306817725
TCGA-BH-A0BF-01A-21D-A12Q-09,0.0032265388658489986,0.0032267924350447034,0.0032267122404306937,0.13997056497686378,0.0032266811820034266,0.0032270033827500894,0.23737323728101553,0.0032268584885521753,0.4778506097613043,0.12544500138618636
TCGA-E2-A1IJ-01A-11D-A142-09,0.006668498729978162,0.006669553183007882,0.006667494385436464,0.006670629636632109,0.006667717845880027,0.006669035920578022,0.006668032081708866,0.006668591927789341,0.939981844263333,0.006668602025656139
TCGA-BH-A1F5-01A-12D-A13L-09,0.00312618678718028,0.003125902771008576,0.003125829545871653,0.0031262003840101626,0.095585661646729,0.003125987337300258,0.0031257364172566013,0.37107679837777563,0.0031259724111211604,0.5114557243217465
TCGA-BH-A0B5-01A-11D-A12Q-09,0.0016955311660674232,0.0016955563365399517,0.6282308781142405,0.055873554138058196,0.3040264492082456,0.0016959311245357243,0.001695487606647617,0.0016955939548662052,0.0016955556040319203,0.001695462746766651
TCGA-A2-A0YT-01A-11D-A10G-09,0.24577654580915814,0.0017245760556749545,0.0017248427784258091,0.0017244712003817535,0.001724843028994548,0.0017246276937059092,0.0017247575760304874,0.3821227688607396,0.0017246232715548138,0.3600279437253339
TCGA-A8-A083-01A-21W-A019-09,0.003334794003834386,0.003334171325918795,0.003334018822560597,0.0033340037930867897,0.18756709941202604,0.0033345816944955653,0.0033341605744885367,0.0033343712619166572,0.003334281758491524,0.7857585173531811
TCGA-BH-A0B4-01A-11W-A019-09,0.0014711490782530344,0.30624333287960037,0.0014710765362806527,0.16711984287851414,0.0014710893229135675,0.0014710868433433103,0.11069182013900866,0.001471027710396708,0.0014710459965575416,0.4071185286151319
TCGA-EW-A1P8-01A-11D-A142-09,0.0028581651866811985,0.0028577409594446723,0.0028579560502025887,0.07543339263110249,0.0028579901147876086,0.0028580589124527576,0.0028579820868709195,0.5168921778400427,0.0028579796588014015,0.3876685565596137
TCGA-BH-A0GZ-01A-11W-A071-09,0.0031255389200750957,0.3333038795500367,0.003125801736874871,0.25235396094539114,0.0031261107828419654,0.0031255234601238113,0.3924612411352202,0.003126048538695372,0.003125830403839985,0.003126064526900815
TCGA-A2-A0CV-01A-31D-A10Y-09,0.004547481646911304,0.09863949908133185,0.004547619993459379,0.004546372464596233,0.004546676811861645,0.3416822459154153,0.004547448080941651,0.5278488568034787,0.004547007039709619,0.004546792162294163
TCGA-C8-A12Q-01A-11D-A10Y-09,0.06766926905567495,0.19039897026221106,0.5973700972696009,0.0008852787965371715,0.0646564237573306,0.07547907624203187,0.0008852300321496478,0.0008852355883005963,0.0008852110722719799,0.0008852079238913025
TCGA-AR-A1AL-01A-21D-A12Q-09,0.0037041003246585866,0.031338001683458544,0.11823035141545275,0.0037047325995274616,0.003704793973311471,0.06288992397620759,0.0037048287049479996,0.7653136731689231,0.003704723557223221,0.003704870596289085
TCGA-BH-A1F6-01A-11D-A13L-09,0.0026321563810793192,0.0026321306542980644,0.002632423296888207,0.10155799569353942,0.0026323651214882663,0.0026324505104127877,0.0026324144560017594,0.34242575559887034,0.002632359679092974,0.5375899486083288
TCGA-AO-A12H-01A-11D-A10Y-09,0.004547131311954637,0.004546570755845572,0.004546562264508091,0.0045467194278905184,0.00454724908234531,0.004546235475008262,0.004546574497266043,0.7368820666185557,0.22674385526726634,0.004547035299359445
TCGA-B6-A0WY-01A-11D-A10G-09,0.004167834154539305,0.1846946502132669,0.004167417679932616,0.0041682902994895545,0.37254935972019876,0.004168395099641799,0.004167789820322999,0.004168172555420671,0.00416777980967697,0.4135803106475105
TCGA-AN-A0XP-01A-11D-A117-09,0.0034497996547691854,0.0034490799440284104,0.003449356664326914,0.0034490248746437517,0.0034494311396604618,0.377218336908677,0.5951866666347143,0.003449438364856935,0.003449395699070362,0.0034494701152526243
TCGA-E9-A1NC-01A-12W-A16L-09,0.0014290180674863815,0.24645812379446094,0.0014290340808984698,0.0014290195177808357,0.0014289931009046138,0.07934548303214077,0.11133281924371695,0.0014290125493518291,0.0014289739770207374,0.5542895226362384
TCGA-LL-A740-01A-21D-A32I-09,0.0020842190458292055,0.002083966504546179,0.0020839244595004516,0.002084081125085722,0.24969622065971986,0.09179589696101897,0.0020839182373602735,0.38493736890442043,0.002083835072987495,0.26106656902953146
TCGA-E2-A15S-01A-11D-A10Y-09,0.0018184968152979138,0.13828472076424983,0.0018187138420806322,0.0018186988058270692,0.12342720834685784,0.11397575719044716,0.001818688129178559,0.0018186358403189614,0.001818771736374816,0.6134003085293671
TCGA-AN-A046-01A-21W-A050-09,0.9998490012339866,1.6777989615984773e-05,1.6776368102002838e-05,1.6778021284428627e-05,1.677786200928832e-05,1.6778057287066984e-05,1.67769614657899e-05,1.6777851776200952e-05,1.6777938099774154e-05,1.6777716372860848e-05
TCGA-EW-A6SB-01A-12D-A32I-09,0.0016952611408599274,0.001695425743660467,0.0016955475929936177,0.0016954438211423254,0.0016954720897579632,0.13414789529587154,0.08224086410516462,0.26009156317037524,0.30555597521741956,0.2094865518227547
TCGA-E9-A1R5-01A-11D-A14K-09,0.002223176126434593,0.09923799484419366,0.0022230262573624767,0.0022228701690923426,0.002222942031547331,0.0022227120970421286,0.15812464982876148,0.7270769199672936,0.0022227893206926324,0.002222919357579923
TCGA-Z7-A8R5-01A-42D-A41F-09,0.0043484688425575934,0.004348585038699328,0.00434861694956329,0.004349045220233615,0.00434906426269214,0.00434911822739949,0.00434860622983759,0.960861058717851,0.00434893882667847,0.004348497684487429
TCGA-BH-A1ES-01A-11D-A135-09,0.21233922183257,0.4653686609951103,0.004546860028284366,0.004546969372840983,0.004547060372883497,0.004547551293409604,0.29046251347547797,0.004546958192652252,0.004547240991008671,0.004546963445762397
TCGA-A8-A07U-01A-11W-A050-09,0.04334987144531107,0.20038043486569082,0.379758110756499,0.07220078379486031,0.001515603777987056,0.0015154405004688875,0.0015156181666107693,0.13679967083271458,0.001515536490140579,0.16144892936971672
TCGA-E2-A1B5-01A-21D-A12Q-09,0.002632649816050808,0.002632078581021862,0.23991804870627573,0.0026323933197885795,0.7390230170129747,0.0026326102083191138,0.002632327995625268,0.0026323775376501297,0.002632195568519032,0.002632301253774853
TCGA-C8-A9FZ-01A-11D-A41F-09,0.005263903208463035,0.005264558854383426,0.005265331612542439,0.005264406142101319,0.005265076519254054,0.005264386239349435,0.0052650983976831765,0.7266135246181697,0.005264884074204225,0.23126883033384904
TCGA-E2-A15A-06A-11D-A12B-09,0.0030312775839344,0.5617723664375747,0.003031687278538803,0.003031511334798293,0.0030311218879390095,0.0030312082856780165,0.003031494441626488,0.003031318143694312,0.41397677988734843,0.0030312347188676068
TCGA-B6-A0RG-01A-11W-A071-09,0.001695315645788931,0.001695448298615673,0.0016954414165018705,0.0016953891981665312,0.0016954097324139601,0.001695408647898842,0.23096647211393867,0.0016954336024934498,0.0016954971305219802,0.7554701842136601
TCGA-E2-A1B0-01A-11D-A12Q-09,0.0019612482543690905,0.001961302483160653,0.001961349276335656,0.0019613395302862952,0.3400402346689257,0.25352891576659453,0.12672813516674455,0.18426298238888317,0.0019614046194704874,0.08563308784522994
TCGA-AO-A12A-01A-21D-A10Y-09,0.0058830091137858555,0.005884308073871212,0.005884459771633158,0.00588520637011042,0.0058850446006291045,0.005883646039242245,0.00588368238366956,0.9470429223895621,0.005884090719513023,0.005883630537983288
TCGA-A2-A0D2-01A-21W-A050-09,0.001190761222264132,0.0011908160383811235,0.001190827913015454,0.1504322497824949,0.0011907856639916722,0.0011908935652556654,0.14714409343818008,0.0011908051216953598,0.0011907655702311773,0.6940880016844904
TCGA-AN-A04C-01A-21W-A050-09,0.0012991991070861754,0.0012991705812188357,0.0012990643014894993,0.10224921118585219,0.0012991026549382377,0.10024942792338355,0.08764645184764447,0.3312734059830555,0.37208585526651905,0.0012991111488125989
TCGA-A7-A0CG-01A-11W-A019-09,0.001961393622306671,0.0019614932559001174,0.0019614126818664644,0.00196126076829904,0.20245520106181933,0.001961415142081525,0.3195603846643421,0.4642546239893909,0.001961393319980422,0.0019614214940133754
TCGA-GM-A2DI-01A-31D-A18P-09,0.0015630700204896772,0.0015628214786758282,0.8580552045795802,0.0015632045888270539,0.12944145718232639,0.0015627913471536951,0.0015629214393817052,0.001562945419668552,0.001562837039700804,0.0015627469041960527
TCGA-C8-A12K-01A-21D-A10Y-09,0.0007300586678665172,0.0007301123143415878,0.22521235091902417,0.0007301682670459488,0.000730098905675117,0.0007301236901487875,0.07680037171314237,0.0007301238111016322,0.0007301157604563073,0.6928764759511975
TCGA-GM-A2D9-01A-11D-A18P-09,0.00019966021563149115,0.0001996490351296242,0.8187848800321159,0.00019966400081059777,0.1796178723629914,0.0001996597241532847,0.0001996601934716322,0.00019965245839297837,0.00019965377802411748,0.000199648199278981
TCGA-A7-A26J-01B-02D-A272-09,0.005264635993489975,0.9526174381408044,0.0052641114737440285,0.005265710256196689,0.005264818112664712,0.005264440621808248,0.0052642279422713744,0.005264666241394461,0.0052652756899087905,0.005264675527717363
TCGA-LL-A5YP-01A-21D-A28B-09,0.001333687453802438,0.2836202709698912,0.001333821050289244,0.12126543951383487,0.0013337973524535716,0.0013336981754523407,0.0013337569850331058,0.0013337029540910353,0.001333689747336761,0.5857781357978155
TCGA-A7-A26J-01A-11D-A272-09,0.00416753595353115,0.7593208788222781,0.0041681616799355385,0.004168395960127065,0.0041679395365490255,0.004167404926827818,0.004168313244711672,0.004167787827349488,0.20733568200105498,0.004167900047635258
TCGA-HN-A2NL-01A-11D-A18P-09,0.001316303276875956,0.3407702463352048,0.0013161263488092798,0.001316072993780478,0.0013161371103791973,0.11385293271146567,0.00131621739391816,0.0013162204791869697,0.001316225689564817,0.5361635176608145
TCGA-AR-A24O-01A-11D-A167-09,0.004767717409421248,0.0047641584078391115,0.004763732320284673,0.00476377022323,0.004762794727033781,0.004763464458666006,0.004763757033091422,0.957123680778754,0.004763292100104774,0.004763632541575023
TCGA-A7-A26E-01B-06D-A272-09,0.0027783117321461205,0.002778934436795475,0.0027782699924355785,0.0027783394922154332,0.9749934644589567,0.002778457286557075,0.0027783952338163442,0.0027786070607363307,0.002778652848476415,0.002778567457864699
TCGA-A8-A07W-01A-11W-A019-09,0.0007521276328966691,0.0007520884857328716,0.0007521482008821539,0.0007521493567953506,0.0007521295009985698,0.06966032954567389,0.04009127525559802,0.2872015815423635,0.0007521001157893874,0.5985340703632696
TCGA-AN-A0AM-01A-11W-A050-09,0.0011767673453918664,0.0011768186153364164,0.0011768635300939802,0.001176905691203395,0.21519110986861698,0.00117683275510777,0.0011768551725367452,0.20731484543541454,0.0011767861884960302,0.5692562153978022
TCGA-AC-A5EI-01A-11D-A27P-09,0.00370429708123351,0.0037046206144950595,0.003704841277642461,0.0037049918149767657,0.37431744302353687,0.0037047227885520966,0.003704999600926639,0.596044390783094,0.003704671399807466,0.003705021615735122
TCGA-LL-A7SZ-01A-32D-A351-09,0.002083975629952695,0.0020838720734456225,0.002083783313324446,0.00208395321987858,0.14999230253808987,0.40490664069546567,0.0020838937119275203,0.002084010805562038,0.43051358979444565,0.002083978217907972
TCGA-A8-A09Q-01A-11W-A019-09,0.0185832915756904,0.0006412072247765999,0.0006411980603567366,0.000641200049143338,0.0006412280290578378,0.0006412244945679174,0.0006412100830824679,0.03495185110295395,0.5323334194942646,0.4102841698861063
TCGA-E2-A15E-06A-11D-A12B-09,0.0027029557562046197,0.1337752327192521,0.0027034828581824185,0.0027034314224407513,0.0027034831137072416,0.34490691322952505,0.19233723100963027,0.3127604043817742,0.0027033658339821287,0.0027034996753014166
TCGA-B6-A0IJ-01A-11W-A050-09,0.0006996080044017673,0.000699517485704001,0.11289548327778154,0.0006994816858526137,0.000699513249272438,0.0006995160009283858,0.000699520520459555,0.0006995129621927429,0.0006995144031859976,0.881508332410221
TCGA-E2-A15E-01A-11D-A12B-09,0.0029416227390938712,0.11405355069403302,0.0029419306219250255,0.0029418285333564186,0.0029419836491574765,0.3409468113727521,0.26386090347487473,0.2634873948786396,0.002941968650034481,0.002942005386133017
TCGA-A8-A0A4-01A-11W-A019-09,0.004762958685333483,0.4396444387080251,0.00476255121043812,0.00476279564666823,0.004763212355376542,0.004762914634695014,0.004762763387373066,0.5222524347661422,0.0047629393914257415,0.004762991214522294
TCGA-E2-A1LL-01A-11D-A142-09,0.002439585128874429,0.002439690197599458,0.00243950178023909,0.002439703324228191,0.002439484646544889,0.002439687041217142,0.002439739664099297,0.25493407171850824,0.0024398243404676343,0.7255487121582216
TCGA-AN-A0FY-01A-11W-A050-09,0.0020006180289327507,0.002000426122139138,0.002000668893311233,0.11958046253252885,0.002000705554891353,0.002000723742080312,0.00200069292269264,0.8644145234884903,0.0020005811337154684,0.0020005975812180023
TCGA-E2-A15J-01A-11D-A12Q-09,0.00434860050689316,0.004349361462659577,0.004348745781005624,0.004349650364371263,0.004349136513486851,0.004349109520415494,0.004348764873008475,0.6240939756752719,0.004349113835708552,0.34111354146717915
TCGA-D8-A1XG-01A-11D-A14G-09,0.005001818231292383,0.31678217030177663,0.005001294006835177,0.005001471104676731,0.005001851577101536,0.005002652397098513,0.0050010710242664215,0.6432044033619234,0.005001363917325085,0.005001904077704137
TCGA-AR-A24L-01A-11D-A167-09,0.0023813733351950458,0.0023816452977203206,0.00238185130725433,0.0023819613245330694,0.0023817816747969895,0.002381614836865805,0.002381735771321193,0.0023817792578854644,0.0023817802579448343,0.9785644769364829
TCGA-OL-A66O-01A-11D-A31U-09,0.004349044607656311,0.004349407220506155,0.004348800905125138,0.004349266627338282,0.004348813423672144,0.004349553536183515,0.004349054688074924,0.800947212343429,0.004349032951951329,0.16425981369606332
TCGA-B6-A0X0-01A-21D-A10Y-09,0.09241939468356558,0.005265039926522915,0.005265579650524503,0.005264701948153333,0.005265643928082432,0.005264625691369013,0.005264922576492484,0.005264666833739673,0.8654607036667504,0.005264721094799748
TCGA-E9-A244-01A-11D-A167-09,0.0010872557133046522,0.0010873365987624005,0.0010872233325771228,0.001087316431265464,0.0010872723054012531,0.0010872847435515298,0.0010872169555862573,0.31222738197245553,0.0010872864395693148,0.6790744255075265
TCGA-BH-A0EA-01A-11D-A10Y-09,0.003572200885317848,0.0035722876877308093,0.003572848740156734,0.0035724733407992786,0.003572695316327013,0.003572421902013333,0.0035730664890420843,0.9678471338484775,0.003572502464123691,0.003572369326011702
TCGA-BH-A8FZ-01A-11D-A351-09,0.0015156348219992567,0.0015156105162928866,0.06350679751021926,0.0015154881284996239,0.0015156691243222284,0.0015156378412551764,0.0015156111908040967,0.001515646798714474,0.2225086206940852,0.7033752833738078
TCGA-BH-A0AZ-01A-21D-A12Q-09,0.0017548678048265212,0.001754977081847967,0.13845147558517798,0.0017548361398761635,0.0017549848023883405,0.001754891221576622,0.0017548548680010184,0.0017549641885543543,0.001754989874735724,0.8475091584330152
TCGA-AO-A1KT-01A-11D-A13L-09,0.0021742715315118404,0.1600887677059965,0.00217467201135359,0.0021745051782869076,0.0021747482127127456,0.2712660705603311,0.0021746274877469498,0.405006116614594,0.002174616612338237,0.15059160408512806
TCGA-EW-A1P4-01A-21D-A142-09,0.001563173299228236,0.0015629108885344468,0.001562922731144456,0.0015628741324657152,0.0015629136951920456,0.22836259255868752,0.0015630338557189095,0.0015630266275129142,0.0015630160350912168,0.7591335361764245
TCGA-E2-A14R-01A-11D-A10Y-09,0.0009262678364285954,0.0009261847429534899,0.000926266510586146,0.0009261741089615095,0.0009261995819789378,0.0009262206783472636,0.0009262303007696636,0.000926175713966793,0.19313806906185693,0.7994522114641507
TCGA-D8-A1JD-01A-11D-A13L-09,0.06924098383706513,0.13522719155055146,0.11125961781334881,0.001064231339616294,0.0010641851190325345,0.001064176434728177,0.001064135921816193,0.001064153254573311,0.0010641850327596648,0.6778871396965084
TCGA-B6-A409-01A-11D-A243-09,0.0027031629806755324,0.12643058287773312,0.18652596628599688,0.11491286703262421,0.0027034924642826193,0.002703597602558184,0.002703404130082433,0.26588385576007206,0.2927295696885335,0.002703501177441481
TCGA-A8-A06Y-01A-21W-A019-09,0.0032269906044161364,0.0032270432279775827,0.0032270220515143704,0.0032264233689108584,0.16178848647449665,0.003226849936470292,0.003226810775439387,0.0032267747097356496,0.5849994968393766,0.23062410201166253
TCGA-E9-A248-01A-11D-A167-09,0.005883938792014279,0.005884203721190708,0.1948343413894367,0.005885026791531573,0.005884396564305964,0.005884428157643986,0.005883945598795561,0.7580921300295789,0.005883760866922498,0.005883828088579719
TCGA-AN-A0FX-01A-11W-A050-09,0.001124012327770626,0.0011239428641755538,0.0011239459705999402,0.08927732797974841,0.00112395039899082,0.0011239095057529653,0.0011239300372281064,0.0011239439280033693,0.3832195909353847,0.5196354460523455
TCGA-B6-A0X1-01A-11D-A10G-09,0.0013704579031623473,0.001370225715389629,0.0013702195180133453,0.05998419267915397,0.0013702415756622534,0.0013703168313118311,0.3534623751457792,0.0013702674173844756,0.0013703244789287042,0.5769613787352144
TCGA-A7-A0D9-01A-31W-A071-09,0.004546216979260781,0.004546709536156322,0.004546954187108297,0.0045466060732124395,0.4363368433569937,0.14525087329506764,0.004547121696526312,0.004546804556338066,0.004546867499914574,0.38658500281942193
TCGA-A2-A3Y0-01A-11D-A23C-09,0.0005815221699821643,0.000581575637157144,0.0005815741077853211,0.0005815951428229677,0.0005815567111088128,0.08766653382063969,0.14071712535451103,0.000581567804772336,0.06115062594302982,0.7069763233081908
TCGA-E2-A15K-01A-11D-A12Q-09,0.0023819356152014366,0.2201652130308779,0.0023813420370299445,0.0023818322306444375,0.0023816437775785832,0.002381622689517686,0.0023814434561372213,0.7607815949026052,0.002381648225026468,0.002381724035381152
TCGA-E9-A22E-01A-11D-A159-09,0.0008335252946749068,0.0008336089551438928,0.0008336091115254938,0.0008335319967574405,0.0008335630979343467,0.0008335251818389457,0.3443254725403367,0.000833556283489364,0.0008335540999086429,0.6490060534383902
TCGA-BH-A1EU-01A-11D-A135-09,0.005556022027387978,0.7006964221078836,0.005559295512268242,0.005556649870480602,0.005557116697417278,0.25484414552089646,0.00555863906600965,0.005557446972389471,0.005556895038211114,0.005557367187055481
TCGA-E2-A15H-01A-11D-A12B-09,0.0032266311333155723,0.0514757781832827,0.003227728877474159,0.0032271308816977937,0.0032267366176806766,0.20204661337632157,0.0032272249601799172,0.723888630508796,0.0032266310872074927,0.003226894374044157
TCGA-3C-AALI-01A-11D-A41F-09,0.00017991422787499192,0.016940322603491743,0.7937040206985096,0.00017990526976686567,0.00017991028628236,0.00017990865864388097,0.1316543953097169,0.00017990993541994128,0.00017991210857446112,0.056621800901719276
TCGA-C8-A130-01A-31D-A10Y-09,0.0021744589254166493,0.0021744060910982785,0.002174552852501071,0.002174341660383607,0.0021745720258479952,0.0021747073504303767,0.26559566090010817,0.5166415941071901,0.20254124887246824,0.002174457214555277
TCGA-AC-A6NO-01A-12D-A33E-09,0.0035723792463166404,0.003572607125490513,0.003573137303378502,0.0035724967623417094,0.31427153046784573,0.17440605683756888,0.003572707300233453,0.48631415764135116,0.0035725379478328072,0.0035723893676405205
TCGA-AC-A8OS-01A-12D-A41F-09,0.002174116153901367,0.002174684227769488,0.2154443981481013,0.002174335797247847,0.0021745946830479916,0.11940654535417716,0.0021744952933887116,0.3623956992286175,0.0021746283221124782,0.2897065027916364
TCGA-D8-A1J9-01A-11D-A13L-09,0.07234388142944397,0.03473311531636609,0.807738021746632,0.0004879184491906433,0.00048795371034174973,0.00048795718295050746,0.0004879519313121092,0.0004879590928891702,0.0004879588485387129,0.08225728229233512
TCGA-C8-A8HR-01A-11D-A36J-09,0.002857762556925958,0.0028578475394302385,0.002858116952362473,0.002858102271130584,0.002858229053913503,0.0028580745624137353,0.0028579908650614837,0.34227449742243304,0.0028580133631354644,0.6348613654131934
TCGA-EW-A1PG-01A-11D-A142-09,0.2925679645420035,0.009094437762214214,0.009092837367695812,0.009092770515439956,0.009093857078951783,0.009092848820561555,0.009094224731606818,0.00909306276401255,0.6346852781542714,0.009092718263242332
TCGA-E2-A1B4-01A-11D-A12Q-09,0.002857892265851381,0.2981569665421007,0.0028581463471460595,0.0028579181114887927,0.3656533634861342,0.0028582705574599276,0.0028580796557499473,0.31618328270877966,0.0028579578730849615,0.0028581224522043936
TCGA-D8-A1JS-01A-11D-A13L-09,0.00435089433447693,0.004348998471417758,0.004348975987968645,0.004349182929217325,0.2814524703514541,0.004349032644591983,0.004349202067345673,0.44020078407254987,0.004349113298048645,0.24790134584292906
TCGA-D8-A27T-01A-11D-A16D-09,0.004000523453261308,0.004001397412247163,0.004000886366856277,0.00400086258049013,0.2639701747366612,0.0040012601906024995,0.004000803448891575,0.7040218637228473,0.0040013249189574185,0.004000903169185185
TCGA-D8-A3Z6-01A-11D-A23C-09,0.004547760438899016,0.004546765794880329,0.004547097084665822,0.004547109025103786,0.004547151082254382,0.004547206161774466,0.3160668442636096,0.47024772102345963,0.004546890115938133,0.18185545500941472
TCGA-A2-A1G1-01A-21D-A13L-09,0.003449079425285409,0.2654988706611116,0.0034493231481616845,0.0034499538289420413,0.003449737712096334,0.003449188877387128,0.0034492732312694343,0.0034494458017822723,0.7069053314159808,0.0034497958979833685
TCGA-OL-A66H-01A-11D-A29N-09,0.005556236330136168,0.005556731737973699,0.005556495453485294,0.005558104800342432,0.0055569932932892,0.005557701850648436,0.4720943108011191,0.005557332249891694,0.48344877429304706,0.005557319190066942
TCGA-D8-A1JI-01A-11D-A13L-09,0.00303144588759892,0.26365106161638463,0.003030744104886362,0.4029860114563352,0.0030312795515247183,0.31214486666195285,0.0030309994197182245,0.0030312732299536314,0.003031364978314732,0.0030309530933307653
TCGA-AN-A0FT-01A-11W-A050-09,0.0009712551989369551,0.0009711621645753249,0.0009711743588390748,0.0009712053116256981,0.15455187445903393,0.0009711749882436782,0.4309026963224836,0.4077471286379149,0.0009711722116270794,0.0009711563467199384
TCGA-BH-A0AV-01A-31D-A10Y-09,0.0014931328319985123,0.0787749822859651,0.0014929888320162252,0.1331898938808839,0.001492982100732051,0.04961636273421804,0.13157783350877417,0.001492998881096981,0.0014929783327810146,0.599375846611534
TCGA-A1-A0SM-01A-11D-A099-09,0.24289287945957513,0.00416757158551546,0.004167129318958756,0.004168129271247897,0.004167685591965398,0.0041678186289951106,0.0041674333034500835,0.7237655221889704,0.004167957421074573,0.004167873230247266
TCGA-BH-A1FM-01A-11D-A13L-09,0.0018877080247864878,0.0018875577181505221,0.30270137665742564,0.0018873254062681882,0.0018873647213744275,0.0018872756349678182,0.0018965787530429723,0.6821900551533984,0.0018873755888269557,0.0018873823417584646
TCGA-BH-A1EX-01A-11D-A13L-09,0.11759975333207394,0.00500173101915193,0.005000437983968171,0.005001017567997027,0.005001184526660678,0.28090111759734804,0.005001163521222208,0.5664901652374515,0.005001675388919249,0.005001753825207123
TCGA-AR-A1AN-01A-11D-A12Q-09,0.003847056970875036,0.0038468818158064366,0.13761102470747555,0.0038469594864562933,0.003847080667985022,0.0038478385743337153,0.0038473950493815396,0.8316114394175331,0.003847059577602289,0.003847263732551016
TCGA-C8-A12L-01A-11D-A10Y-09,0.0014496000452199234,0.001449737659867319,0.0014496143425460307,0.001449826255588271,0.0014496849266547693,0.0014496533950485613,0.0014496303139144738,0.41735049767514354,0.001449707868632061,0.5710520475173851
TCGA-B6-A0I9-01A-11W-A050-09,0.0014088940875237267,0.0014088853382504026,0.0014090252816686478,0.0014089376558118663,0.0014088949826968765,0.0014087794201416745,0.001408902617475566,0.8155253796774409,0.001408826780112453,0.1732034741588778
TCGA-UU-A93S-01A-21D-A41F-09,0.0006994399048304427,0.32783397015208704,0.0006995347673353455,0.10505449125819771,0.0006995014204384199,0.03216918093276628,0.0006995270309997724,0.0006995219503256528,0.0006995086918671189,0.5307453238911523
TCGA-BH-A6R9-01A-21D-A32I-09,0.1972272304124476,0.010001550464971531,0.010001624149244503,0.010001463033917376,0.010002555095413429,0.010002119922929244,0.0100020968992738,0.010002097314470638,0.010001507190868189,0.7227577555164636
TCGA-AO-A0JG-01A-31D-A099-09,0.006250668230012286,0.0062516000985294445,0.0062507346800980725,0.0062514639654150965,0.006251214042856606,0.006253831719945526,0.006251056844351618,0.00625168518017637,0.006251359307841162,0.9437363859307738
TCGA-B6-A0RP-01A-21D-A099-09,0.004000684779980691,0.004001432149731691,0.004000352414968002,0.0040009131095551384,0.004000896061935297,0.00400125576152574,0.00400107296854773,0.9639908279079171,0.004001297795899987,0.004001267049938554
TCGA-GM-A2DH-01A-11D-A17W-09,0.0005620033322923972,0.0005619843918458595,0.41916575177506754,0.0005619813736272241,0.0005619623574135924,0.0005619487847654367,0.0005619835079373056,0.0005619838264915556,0.0005619818888288192,0.5763384187617301
TCGA-A8-A07P-01A-11W-A019-09,0.08102942869254369,0.0019615051519578674,0.0019612348622393247,0.0019613954010330166,0.10497119484843344,0.1408152689301304,0.0019612098189792796,0.5436835160112773,0.1196938926795552,0.0019613536038505163
TCGA-A7-A13E-01A-11D-A12Q-09,0.0018522992871415644,0.0018524993028281296,0.0018526709045761037,0.0018523630140339933,0.0018527879313031503,0.001852395162153522,0.0018524300727208623,0.9833277420746286,0.001852392347142771,0.0018524199034712365
TCGA-AO-A12F-01A-11D-A10Y-09,0.123538416822906,0.002857833706287886,0.002857305674263974,0.0028579806971418993,0.0028576537950684593,0.0028579848337331073,0.00285774255654919,0.8535987791291215,0.002858146797317285,0.002858155987610697
TCGA-C8-A275-01A-21D-A16D-09,0.0008066494707844614,0.0008066437641287457,0.7456790885510646,0.0008067414163530155,0.0952563687944067,0.0008067126747205395,0.0008066720801596523,0.0008067071299798738,0.0008066916576706302,0.15341772446073174
TCGA-A8-A07O-01A-11W-A019-09,0.0023261368815489375,0.0023262226390583516,0.002326269717056862,0.0023262713234237756,0.7170595022570797,0.002326192243606442,0.0023262688786024116,0.26433084158791137,0.0023261143620865775,0.0023261801096253697
TCGA-D8-A142-01A-11D-A10Y-09,0.0007694397760302529,0.0007694690837201882,0.0007694285309194297,0.0007694854386701265,0.0007694397692057202,0.0007694747208031009,0.24300695733631678,0.0007694557511447385,0.44627405507178575,0.30533279452140394
TCGA-E2-A1LA-01A-11D-A142-09,0.0011366234477059266,0.001136613959731395,0.0011366315654330525,0.001136635206702279,0.0011366384776444307,0.001136735109568118,0.0011366754610976503,0.11400304294129056,0.0011366799173959195,0.8769037239134306
TCGA-A2-A04P-01A-31D-A128-09,0.0007578567936277019,0.0007577976585373801,0.0007578225154438812,0.0007578243629329034,0.0007578291339645247,0.0007578438939578815,0.0007578197682583397,0.0007578357970615083,0.0007578167050918218,0.9931795533711241
TCGA-A2-A0CS-01A-11D-A10Y-09,0.0027782499254983164,0.0027787854352027985,0.0027782197106663467,0.0027784077954825953,0.0027784324759371273,0.0027786063765951863,0.0027783536409989097,0.9749937450911672,0.002778722150295838,0.0027784773981556275
TCGA-D8-A1Y0-01A-11D-A14K-09,0.0015155522175681782,0.0015156648901044302,0.001515716409745335,0.0015155516040216525,0.001515656684639677,0.09894888429890462,0.001515622653266996,0.00151565521508181,0.001515599883140348,0.888926096143527
TCGA-BH-A0HI-01A-11D-A099-09,0.14917852793104716,0.0038474063009203674,0.0038467467350864317,0.00384751651150764,0.8200429637799275,0.003847788069732982,0.0038470347559255457,0.0038474160952150583,0.0038472714361969516,0.003847328384440496
TCGA-BH-A0C7-01B-11D-A10Y-09,0.002041468449804928,0.002041473994393979,0.002041755033036189,0.002041455646424237,0.002041473065155069,0.0020414403588002376,0.002041644820849725,0.7638922968656163,0.2197755849012317,0.002041406864687605
TCGA-PL-A8LZ-01A-31D-A36J-09,0.0011632079249411598,0.5011013827915588,0.0011630558465754134,0.001163142032351657,0.20478643157574916,0.0011631929164920775,0.0011630993913347367,0.0011631697809038684,0.001163161741917909,0.2859701559981752
TCGA-BH-A0AY-01A-21W-A019-09,0.11833228749318249,0.0020413323891905325,0.002041394049959369,0.16472002707612124,0.22933346021883128,0.002041316740104254,0.18029028514145956,0.2971168402268267,0.0020415428809168385,0.002041513783407842
TCGA-E9-A1RB-01A-11D-A17G-09,0.0029418640030425824,0.29049424307040916,0.002941762490175989,0.0029423348627031763,0.0029417944254704785,0.2899664644841683,0.002942124580893304,0.23959327188861212,0.0029420519900662714,0.16229408820445854
TCGA-B6-A0RS-01A-11D-A099-09,0.000658125778954266,0.0006580896404626131,0.000658108863736628,0.0784351202778594,0.0006581231833452709,0.0006580910905748812,0.0006580894292223177,0.05821049639498291,0.000658098022107444,0.8587476573187542
TCGA-E9-A3X8-01A-31D-A22X-09,0.0032264159914760396,0.37174961357280656,0.003226603865441265,0.0032267986308017636,0.003226754518246383,0.0032265469770581035,0.6024368907028204,0.0032268208091303712,0.003226967263438499,0.0032265876687806107
TCGA-AC-A3QQ-01A-11D-A228-09,0.0037047118887528147,0.0037046393402199278,0.0037040445113202215,0.12091882330709279,0.003704562458659479,0.003704650526926559,0.0037043580340972914,0.08148117067895976,0.7716684542188657,0.0037045850351056075
TCGA-OL-A66J-01A-11D-A29N-09,0.001961637148559878,0.28639758422501566,0.0019613771435776322,0.1859850024980699,0.001961419474888958,0.39151041909328055,0.12433848424979783,0.001961437436638108,0.001961377374604784,0.001961261355566688
TCGA-AN-A0XS-01A-22D-A10G-09,0.0038471296503031476,0.0038476513973886507,0.0038470156830100743,0.003847043090090039,0.29519520533223836,0.003847273185911138,0.0038468733895603434,0.6740273436738955,0.0038471468447909083,0.0038473177528118335
TCGA-AN-A0G0-01A-11W-A050-09,0.0031258524983760797,0.20889093605278888,0.003126817518104303,0.003125943828625153,0.003125872470615504,0.003125566125486174,0.0031263426978484126,0.44286455857079937,0.3263620299126128,0.0031260803247433267
TCGA-D8-A73U-01A-11D-A33E-09,0.0007695349327833868,0.0007694102076283646,0.5474424284975414,0.0007694193617681734,0.4464018112639655,0.0007695230793701502,0.0007694530693300959,0.0007694753216152077,0.0007694429602815377,0.0007695013057159256
TCGA-EW-A6SC-01A-12D-A32I-09,0.0041672712028857604,0.3840489509781999,0.004167545914756054,0.2477436297077631,0.3390329391920016,0.004168103705336339,0.004167580933229075,0.0041679729133377325,0.004168070200308222,0.0041679352521820645
TCGA-BH-A0DV-01A-21D-A12Q-09,0.009091602860838122,0.009093512036503899,0.009093541991034149,0.00909423743554696,0.2249311929842254,0.009093525478125997,0.009092693987219288,0.009093040606668257,0.009092687009338823,0.7023239656104991
TCGA-AQ-A54O-01A-11D-A25Q-09,0.0045472188963223085,0.004547080046016768,0.004546378897102538,0.1382065347395497,0.2594396772957752,0.00454658485320986,0.004546848234466396,0.004546976495200486,0.5705257467000783,0.004546953842278609
TCGA-A2-A0CU-01A-12W-A050-09,0.002564871142997787,0.002564861601827817,0.002565187400178151,0.13618557472311296,0.002565104215148937,0.00256469459462207,0.002564988357091348,0.40424620657423743,0.0025649958201887594,0.4416135155705948
TCGA-LD-A66U-01A-11D-A31U-09,0.00416725443135728,0.5168914525352489,0.004167466072606923,0.004168109834065238,0.004167812182460986,0.00416812387940449,0.004167717301035116,0.44976658947343096,0.004167606406381825,0.004167867884008229
TCGA-AR-A2LH-01A-31D-A18P-09,0.0017247981851474918,0.0017245900079935223,0.7222589046593808,0.0017247594458361611,0.001724713825988158,0.001724680907677319,0.001724635899616576,0.0017246037739701069,0.26394374081633165,0.0017245724780581854
TCGA-HN-A2OB-01A-21D-A27P-09,0.007143848763763517,0.00714537581124615,0.2580662815182782,0.007144542969394954,0.007144721875355506,0.18455489680549997,0.007145650490240547,0.007145061783599942,0.5073642285991797,0.00714539138344158
TCGA-AR-A1AO-01A-11D-A12Q-09,0.0012661155940505147,0.16335546463960712,0.09894328629759738,0.0012662782444354127,0.1376821628079342,0.0012661183592533984,0.0012662089981609172,0.001266194064174018,0.001266175244056403,0.5924219957507307
