,Topic 1,Topic 2,Topic 3,Topic 4,Topic 5,Topic 6,Topic 7,Topic 8
TCGA-D8-A146-01A-31D-A10Y-09,0.0037946311761030884,0.0037943554501261127,0.0037945430302516506,0.003792798269790049,0.6840175036994439,0.003795587601025648,0.0037931461155990298,0.2932174346576606
TCGA-EW-A2FW-01A-11D-A17D-09,0.005438316208473287,0.005442287853949503,0.0054456360068745255,0.005446553449897768,0.39954034487366974,0.005444871208125319,0.005442156867776517,0.5677998335312333
TCGA-A7-A0CD-01A-11W-A019-09,0.004636307853242668,0.004635964802389833,0.004634477774723669,0.004642190684628137,0.26354513783035843,0.004639109961781843,0.004639536268682785,0.7086272748241927
TCGA-A8-A09K-01A-11W-A019-09,0.0029807105826451913,0.0029853372401878416,0.0029804936457647068,0.0029799318547355383,0.6237276342926592,0.0029817232097778487,0.0029808503701718677,0.3583833188040577
TCGA-AR-A0U0-01A-11D-A10G-09,0.1326196947468577,0.0035809297331415866,0.0035799017679327087,0.003577174664327943,0.003578027379380206,0.0926577237127373,0.7568275310790409,0.0035790169165817037
TCGA-A8-A07G-01A-11W-A050-09,0.002159525619913205,0.0021586976327206994,0.13941000850449048,0.11182896183107885,0.002159551069499541,0.0021596593724662115,0.4086671555051554,0.33145644046467565
TCGA-AR-A24Q-01A-12D-A167-09,0.0007200365630477066,0.011856338965917776,0.08545043600818794,0.18713392477107296,0.15340419726901594,0.0007196898346267046,0.5599958041854564,0.0007195724026746462
TCGA-D8-A27R-01A-11D-A16D-09,0.21658645097663837,0.004636777912758143,0.004640307970316935,0.004638456636791183,0.004639947261656795,0.004637601863463175,0.755580603548853,0.0046398538295222905
TCGA-D8-A1XR-01A-11D-A14K-09,0.005212148218617212,0.005215041138824541,0.005212849581694775,0.005218562765898513,0.5254624198842581,0.44324441387076485,0.0052175050453363405,0.005217059494605677
TCGA-B6-A0WV-01A-11D-A10G-09,0.0044693353709159105,0.10780503751876443,0.004473609740289659,0.00446813462389621,0.11637529377408554,0.004474751490465412,0.7534594541977064,0.004474383283876247
TCGA-E9-A1NA-01A-11D-A142-09,0.07045004667532591,0.0014559812750627777,0.2114102118364479,0.07119940553304274,0.0014559791891488824,0.0014559729421381575,0.5752319468664969,0.06734045568233667
TCGA-BH-A0BS-01A-11D-A12Q-09,0.008340133173139034,0.008352925792225581,0.008342539978977784,0.00833959195660157,0.6655410182666883,0.008347446401006207,0.008346420599857194,0.2843899238315042
TCGA-B6-A1KI-01A-11D-A14K-09,0.11259275413874896,0.006263746287532505,0.006257713930239029,0.006256738372407274,0.006261237319420475,0.006260627344223612,0.4937557456987197,0.3623514369087083
TCGA-S3-AA11-01A-31D-A41F-09,0.10865764697991757,0.0018974623375405317,0.0018964115282214104,0.23048459722262166,0.29437277467069417,0.0018978551723962342,0.3588952143758753,0.0018980377127330698
TCGA-A2-A0CR-01A-11D-A228-09,0.0009855803091228202,0.0009860891768491342,0.8560130182582019,0.030833464202321956,0.10822374266912348,0.0009858450365521233,0.0009861897710697883,0.0009860705767589547
TCGA-AO-A03O-01A-11W-A019-09,0.0015845748175786392,0.0015847977638286449,0.0015841976067786994,0.0015845645514868327,0.0015852207064316459,0.0015850639805124517,0.5871070929137368,0.4033844876596463
TCGA-E2-A15L-01A-11D-A12B-09,0.004317097774514464,0.00431738250443,0.004320989324140264,0.004315879368851931,0.0043184528394633655,0.004318054639008024,0.44414344742098527,0.5299486961286067
TCGA-A8-A07F-01A-11W-A019-09,0.004633260368437463,0.0046370076023724,0.004639634813562203,0.004635982874748707,0.004638224927767314,0.004635663196859868,0.30221968741393396,0.669960538802318
TCGA-A7-A6VV-01A-22D-A33E-09,0.0025558749085714833,0.002553723094763888,0.22922133016998766,0.3984195123145185,0.002556013936337944,0.3595809760719828,0.0025563551626394563,0.0025562143411982058
TCGA-A8-A095-01A-11W-A019-09,0.03464142183503091,0.0007973009999271994,0.862077282129418,0.05325161436059252,0.0007976971617482707,0.0007977075580413183,0.0007977556922133186,0.04683922026302852
TCGA-A2-A3XW-01A-11D-A23C-09,0.21156778624102307,0.017890864380369062,0.2643684043936568,0.017878056449452274,0.017896198665551227,0.017909035204991746,0.4346091941425923,0.01788046052236352
TCGA-A2-A0EO-01A-11W-A050-09,0.004317339751277481,0.004316587401683296,0.004317870058441254,0.004318725735702254,0.6555012130745367,0.31859099616654357,0.004317741584669604,0.00431952622714594
TCGA-EW-A1J2-01A-21D-A13L-09,0.003794050688435543,0.0037929123582531943,0.14508597734216833,0.003797407929264432,0.36097934925342856,0.0037952852276488297,0.0037938563542591936,0.47496116084654183
TCGA-AR-A255-01A-11D-A167-09,0.1609267867713496,0.002088217052828708,0.25736101247104975,0.2747074321005201,0.1398388359421448,0.0020875390375879096,0.002087522757155398,0.16090265386736363
TCGA-A8-A08P-01A-11W-A019-09,0.0018419911318823556,0.14503993297329779,0.2509872049052675,0.0018415894543668747,0.0018419475955110268,0.0018419995610921174,0.39904127192440414,0.19756406245417826
TCGA-B6-A0RT-01A-21D-A099-09,0.0981501891703895,0.002455690505725669,0.0024563599968673764,0.002455502200350889,0.0024544482347618585,0.00245422796275136,0.887118945140116,0.002454636789037349
TCGA-A2-A0CQ-01A-21W-A050-09,0.0033854047012876133,0.0033831280700462717,0.0033831575741639836,0.003383640938664833,0.38230283951424315,0.0033843087659593393,0.280628525781508,0.3201489946541267
TCGA-B6-A0IE-01A-11W-A050-09,0.003911872504522659,0.09826812854908579,0.003916818990381559,0.14581589681033555,0.3208010691409704,0.003914122284787374,0.003915021876629163,0.41945706984328746
TCGA-BH-A0W7-01A-11D-A10Y-09,0.0005884380839570608,0.0005887073133027675,0.9399238105810962,0.0565471700061713,0.0005881420991259515,0.0005878939012156282,0.000588113072268365,0.0005877249428626847
TCGA-A2-A0EQ-01A-11W-A050-09,0.000537393038100372,0.0005376655028215159,0.6959443164267166,0.0005375959888211026,0.0005374564918962609,0.048396665543698335,0.2529715248120236,0.0005373821959222276
TCGA-AR-A1AS-01A-11D-A12Q-09,0.09256356181906061,0.0031315276112485677,0.2780716171335578,0.0031292513893582856,0.31078981649810705,0.003131175125041047,0.003131332359024472,0.3060517180646022
TCGA-D8-A27K-01A-11D-A16D-09,0.006258104430039748,0.006258405599362337,0.006262148311239253,0.1982920058922548,0.006262556859561507,0.006263823801608646,0.16915214089857425,0.6012508142073595
TCGA-BH-A0BF-01A-21D-A12Q-09,0.004037543129983772,0.0040387092314749075,0.004040516501062061,0.004037681395533546,0.004040204752136173,0.004040376948216595,0.6515463093894742,0.3242186586521188
TCGA-E2-A1IJ-01A-11D-A142-09,0.008348161495803185,0.31051277812820316,0.008340248264009822,0.3922472113646383,0.008347617771275235,0.008353186998698935,0.008347554136002227,0.2555032418413691
TCGA-BH-A1F5-01A-12D-A13L-09,0.003917261823123564,0.003914684460075615,0.003911892339186633,0.003915922187723832,0.6352669911322276,0.003914749495576648,0.003915274065994109,0.34124322449609185
TCGA-BH-A0B5-01A-11D-A12Q-09,0.00212253467381157,0.002122079124562207,0.771889579569953,0.0021232475045931502,0.002123098298562349,0.12454399454088178,0.002122280587372697,0.09295318570026338
TCGA-A2-A0YT-01A-11D-A10G-09,0.2514708974990448,0.002158080173140168,0.002160552481561534,0.0021592490075941044,0.0021589866061820537,0.002159133245350418,0.5141237545594725,0.22360934642765443
TCGA-A8-A083-01A-21W-A019-09,0.11883248951404317,0.0041788593065487335,0.004171026958586468,0.004175217107540157,0.8561166714665741,0.004175741004917617,0.004175897283158189,0.004174097358631596
TCGA-BH-A0B4-01A-11W-A019-09,0.0018437714719810108,0.0018414468213423388,0.033517137473766154,0.10255460987813093,0.2640543168161084,0.001841894473927956,0.592504269014964,0.0018425540497791473
TCGA-EW-A1P8-01A-11D-A142-09,0.09553761416963373,0.0035772927304802537,0.0035780721561545583,0.0035774084672416293,0.0035788834823747757,0.18194374771823427,0.7046285784378867,0.0035784028379940566
TCGA-BH-A0GZ-01A-11W-A071-09,0.003911107172544703,0.003911179483835441,0.00391610077694651,0.0039137174900055706,0.4131836204053883,0.003911176046265075,0.4625201173738801,0.10473298125113426
TCGA-A2-A0CV-01A-31D-A10Y-09,0.0056913158421108365,0.005690885051514861,0.005694218433832087,0.005693927667479895,0.005692483308389156,0.2560345132682465,0.13823288628364824,0.5772697701447784
TCGA-C8-A12Q-01A-11D-A10Y-09,0.05868798584175942,0.0011081141983196308,0.6326250475478132,0.07131847714699745,0.13953164248053834,0.0011083641554754877,0.0011081629445192113,0.09451220568457719
TCGA-AR-A1AL-01A-21D-A12Q-09,0.004635999072555668,0.004643571140449252,0.08935348149390678,0.004638883128813469,0.5661523250425121,0.0046394373898014695,0.004638007356277867,0.32129829537568333
TCGA-BH-A1F6-01A-11D-A13L-09,0.0032973629136413,0.0032977641304730325,0.0032961114444440185,0.0032938525430439894,0.003296108779304755,0.003295810006548046,0.7384940768240238,0.24172891335852115
TCGA-AO-A12H-01A-11D-A10Y-09,0.005691795779030244,0.005691599923996331,0.00569245030757536,0.005689313325562639,0.005695065147898092,0.005688838193060394,0.3474868995870534,0.6183640377358235
TCGA-B6-A0WY-01A-11D-A10G-09,0.005217590890640306,0.005216052933986462,0.0936055498954486,0.17806796206573625,0.005218137084223915,0.005220266088214388,0.45993883659087387,0.24751560445087614
TCGA-AN-A0XP-01A-11D-A117-09,0.004322498308742638,0.10538233549843873,0.2259626858349657,0.004317549078416658,0.42237664678423226,0.22900057465935422,0.004319938984326403,0.00431777085152325
TCGA-E9-A1NC-01A-12W-A16L-09,0.0017903974350659592,0.0017896176159089509,0.0017897161050736221,0.17761699210811793,0.0017890133481480808,0.11211443165711882,0.7013208372036278,0.001788994526938656
TCGA-LL-A740-01A-21D-A32I-09,0.0026105939625760276,0.002609097595241322,0.0026099486186758835,0.002608289121590947,0.7523538170805162,0.0026090533564793817,0.0026089754882216987,0.2319902247766985
TCGA-E2-A15S-01A-11D-A10Y-09,0.0022754624330877573,0.1376687888021923,0.002277704511046227,0.14331343889804646,0.32959568059406014,0.00227754819091968,0.380313499496096,0.002277877074551433
TCGA-AN-A046-01A-21W-A050-09,0.9747273846615634,2.1001363306370794e-05,2.099822957527172e-05,0.006471331125935457,2.1001676858308166e-05,2.1000887317813408e-05,2.0998230327171694e-05,0.018696283825116386
TCGA-EW-A6SB-01A-12D-A32I-09,0.0021214053530929783,0.002122002116579566,0.002123348514140862,0.002122977782711446,0.002122881417437135,0.19614835859151067,0.6036000342836798,0.18963899194084752
TCGA-E9-A1R5-01A-11D-A14K-09,0.00278337059784156,0.0027811844637966603,0.0027850415335286967,0.002783820189107039,0.12120066499906502,0.0027813914018469076,0.3874904091173191,0.47739411769749507
TCGA-Z7-A8R5-01A-42D-A41F-09,0.005438450775597857,0.005441389151610251,0.005446133362206523,0.0054477961522683025,0.0054450346459793695,0.33892207012044745,0.005442460962190875,0.6284166648296994
TCGA-BH-A1ES-01A-11D-A135-09,0.34096541959508864,0.005689284449847062,0.163329223854188,0.467237938806326,0.005693790329292054,0.005696511530840005,0.005692510088592797,0.00569532134582559
TCGA-A8-A07U-01A-11W-A050-09,0.0018984314523032779,0.0018961623426786449,0.4058307302911381,0.14803899138485335,0.001897516513373892,0.0018966651700608318,0.29366169548196414,0.14487980736362788
TCGA-E2-A1B5-01A-21D-A12Q-09,0.16337245150811397,0.003295027752193797,0.5433454861972885,0.0032955701020380744,0.0032966784200661294,0.0032957971902171793,0.003295647100297178,0.27680334172978527
TCGA-C8-A9FZ-01A-11D-A41F-09,0.006587026286010804,0.006587531292462539,0.006594477761060502,0.006590624755196951,0.00659012179921325,0.006591977459838248,0.5765183656792086,0.38393987496700926
TCGA-E2-A15A-06A-11D-A12B-09,0.0037950262931914945,0.39212723392647747,0.04253723881355268,0.0037966136666274094,0.0037940454482269146,0.0037935972631395016,0.0037953245501547686,0.5463609200386298
TCGA-B6-A0RG-01A-11W-A071-09,0.002122368001893618,0.0021215181831008203,0.0021247200937367216,0.0021236682242191897,0.002122669802710735,0.0021225585156230044,0.9851399227863548,0.002122574392361119
TCGA-E2-A1B0-01A-11D-A12Q-09,0.0024555307487302176,0.15755722091699575,0.1311178419432705,0.0024552089866678255,0.11823527877553741,0.0024556819536511376,0.19253612241669799,0.3931871142584492
TCGA-AO-A12A-01A-21D-A10Y-09,0.0073571908745457115,0.00736066392219576,0.007366568130654546,0.007364146285293453,0.30373416000557374,0.007364048985523439,0.0073624166852257165,0.6520908051109876
TCGA-A2-A0D2-01A-21W-A050-09,0.0014908099082316859,0.0014899015659745262,0.0014911291246996747,0.001490398673187337,0.18460005698365492,0.0014908323636879947,0.806456370715806,0.0014905006647578673
TCGA-AN-A04C-01A-21W-A050-09,0.05771120861946765,0.0016271425328218323,0.0016263605870647526,0.001626559418130512,0.2794323055998141,0.1497972778643267,0.23438846641060979,0.27379067896776454
TCGA-A7-A0CG-01A-11W-A019-09,0.002456154218375802,0.002456132019221732,0.23482275156169863,0.002455584743037908,0.002455422602161125,0.002456291717433937,0.28069786310396083,0.4721998000341101
TCGA-GM-A2DI-01A-31D-A18P-09,0.001957055076170019,0.0019543412755676573,0.9863065806150089,0.0019547670356093983,0.0019558969882595726,0.001957100858762367,0.001955615473531961,0.001958642677090174
TCGA-C8-A12K-01A-21D-A10Y-09,0.0009134810029202665,0.0009136144594185599,0.21254675735659656,0.0009142958966336163,0.0009142079382718623,0.000913766359562614,0.781970156016351,0.0009137209702453882
TCGA-GM-A2D9-01A-11D-A18P-09,0.0002500038835568727,0.00024996725370905786,0.968456220265556,0.00024996848215123267,0.0002499693931325463,0.00025002611939188156,0.0002499331035873833,0.030043911498915003
TCGA-A7-A26J-01B-02D-A272-09,0.006589346848106907,0.1444196238107714,0.0065892931705291355,0.006592852874777073,0.3414659217164645,0.006588444603947876,0.25187605019462334,0.2358784667807798
TCGA-LL-A5YP-01A-21D-A28B-09,0.0016697284777243424,0.0016689638100627633,0.0016701603703897184,0.12483921572270032,0.2347614491388218,0.0016697362036726564,0.6320511719930466,0.0016695742835819345
TCGA-A7-A26J-01A-11D-A272-09,0.005218923538870145,0.005216076692170373,0.0052194034246710935,0.22760228287374687,0.1937233260575331,0.005215177800625674,0.2738672972899906,0.2839375123223922
TCGA-HN-A2NL-01A-11D-A18P-09,0.0016482763810821974,0.0016475441489775264,0.0016466799939685863,0.23451723409722477,0.0016474578546817973,0.0016478671029725805,0.6247594032538534,0.13248553716723932
TCGA-AR-A24O-01A-11D-A167-09,0.005970979079212565,0.12512427874112764,0.005961818654075276,0.005965578097110232,0.005965470760424653,0.45152500582252997,0.39352197328968574,0.00596489555583375
TCGA-A7-A26E-01B-06D-A272-09,0.0034775615917368714,0.003477473472791962,0.4153052710304367,0.0034804046795994946,0.09912351908307414,0.0034779073771372777,0.0034788663253711716,0.46817899643985245
TCGA-A8-A07W-01A-11W-A019-09,0.0009419089737011286,0.0009417300275636368,0.0009419354506134163,0.0009413697043086928,0.0009416586974255787,0.24810868527361835,0.7462410236471352,0.0009416882256338696
TCGA-AN-A0AM-01A-11W-A050-09,0.0014733783541997288,0.026239454259558058,0.06884526043564855,0.001473522880160668,0.2572890131350085,0.0014732662427360123,0.45695389443498774,0.18625221025770067
TCGA-AC-A5EI-01A-11D-A27P-09,0.004636421862499001,0.0046352985872699076,0.17096759107263057,0.004635696081091049,0.47875286406806966,0.004637152809389681,0.004639859033020517,0.3270951164860296
TCGA-LL-A7SZ-01A-32D-A351-09,0.0026086463229367976,0.40016676470243845,0.0026110076630155117,0.002607544701094563,0.0026095630475042445,0.15331867951203818,0.0026082872900646177,0.43346950676090773
TCGA-A8-A09Q-01A-11W-A019-09,0.029718485493792704,0.1397810692732565,0.0008024878979742101,0.000802951012762454,0.13296951793427644,0.0008026390269677716,0.41696118934945636,0.2781616600115137
TCGA-E2-A15E-06A-11D-A12B-09,0.0033807069271552873,0.0033821810389015436,0.0033866206866919935,0.003385677973371625,0.16280559214212073,0.4982625211554098,0.3220118046966307,0.003384895379718251
TCGA-B6-A0IJ-01A-11W-A050-09,0.0008763230888858388,0.0008760951934751644,0.07467941643880854,0.08819707451391866,0.0008756812770332769,0.0008755844649467452,0.832744296107842,0.0008755289150897483
TCGA-E2-A15E-01A-11D-A12B-09,0.0036799616594986825,0.0036810091069048394,0.0036853425481879593,0.0036854012062914098,0.00368398092437694,0.3542270904520372,0.46809284426804343,0.15926436983465955
TCGA-A8-A0A4-01A-11W-A019-09,0.005959520411071262,0.0059616053516983215,0.005959077277735909,0.15224893361467776,0.18702302598767756,0.005960786056748114,0.005963743139448085,0.630923308160943
TCGA-E2-A1LL-01A-11D-A142-09,0.0030527185020283332,0.11218075819754847,0.003051955156953851,0.003056246583976741,0.003054029952387885,0.0030545039290751615,0.7697047571445557,0.10284503053347387
TCGA-AN-A0FY-01A-11W-A050-09,0.002505596758847942,0.0025053101780181707,0.0025063273458788933,0.0025039568989375853,0.002505548639587757,0.0025057175229705937,0.3183867288306562,0.6665808138251028
TCGA-E2-A15J-01A-11D-A12Q-09,0.00544270042015656,0.005443501332237536,0.00544040155421571,0.005446308171431859,0.4885149008736702,0.005444846861741574,0.005445994103428286,0.4788213466831182
TCGA-D8-A1XG-01A-11D-A14G-09,0.006264482881001914,0.006255661847130577,0.006274644643887254,0.4758651923288047,0.006262974826986888,0.486551704449093,0.0062614855504004975,0.006263853472695188
TCGA-AR-A24L-01A-11D-A167-09,0.0029798592752504635,0.0029829394875211758,0.002981942355621551,0.002982207081260597,0.0029814852445898352,0.002981299974989227,0.9791287645433782,0.0029815020373890975
TCGA-OL-A66O-01A-11D-A31U-09,0.00545188785809099,0.005448518711766525,0.005443567338402214,0.20184459082404926,0.005445498023487139,0.005446223544560674,0.14487208131089868,0.6260476323887446
TCGA-B6-A0X0-01A-21D-A10Y-09,0.12158704836389529,0.20864941333038345,0.006604147253057615,0.40016025863265503,0.006591445927796607,0.006589628081780474,0.006593086281219853,0.24322497212921174
TCGA-E9-A244-01A-11D-A167-09,0.0013610676426255145,0.0013617182810951097,0.0013607403512716897,0.28097821052288435,0.0013613148722935225,0.0013612900036238575,0.5022885572548929,0.20992710107131307
TCGA-BH-A0EA-01A-11D-A10Y-09,0.004469800578548808,0.0044698375552339915,0.00447650071253525,0.004470205222713264,0.4285038885243988,0.0044737374553932155,0.004472677039615581,0.5446633529115611
TCGA-BH-A8FZ-01A-11D-A351-09,0.001898266409305609,0.16595111490107328,0.0018985571740620195,0.001897205570378931,0.0018972985870061767,0.001898347384560356,0.8226608942227759,0.0018983157508376176
TCGA-BH-A0AZ-01A-21D-A12Q-09,0.002195727016090164,0.3252497582612067,0.17500909495919414,0.2435289704348047,0.002197020433572029,0.0021973550654881976,0.2474244159246482,0.0021976579049956565
TCGA-AO-A1KT-01A-11D-A13L-09,0.0027204670702020177,0.0027213450681699398,0.0027230193504747483,0.002722124142474552,0.00272321290427685,0.2984501447790508,0.5972591040283606,0.0906805826569905
TCGA-EW-A1P4-01A-21D-A142-09,0.001957787908737993,0.0019566713729854877,0.0019555100009452262,0.0019559992176148094,0.0019566130972795124,0.081772542450602,0.9064879717540155,0.001956904197819384
TCGA-E2-A14R-01A-11D-A10Y-09,0.0011602698803828747,0.06395812437489697,0.0011596629287865079,0.0011597102598031085,0.15803924488699395,0.0011593624004623542,0.7722042464180421,0.0011593788506321047
TCGA-D8-A1JD-01A-11D-A13L-09,0.08939627699664693,0.0013324400807109605,0.09719561461905768,0.16757798688456343,0.0013323524923760672,0.0013324669177745452,0.6405006345839893,0.0013322274248810855
TCGA-B6-A409-01A-11D-A243-09,0.003382038741411989,0.0033849183185958123,0.1972733557168974,0.0033866669089320576,0.28955485886321236,0.0033852489881707366,0.0033855398383967877,0.49624737262438284
TCGA-A8-A06Y-01A-21W-A019-09,0.10583694499604666,0.004038756938339859,0.004042420936636638,0.15413961597603518,0.004040897867826435,0.004039600574043719,0.4911646023968359,0.23269716031423573
TCGA-E9-A248-01A-11D-A167-09,0.007364837117320097,0.007365250185312979,0.23917602987283718,0.007382616147338179,0.007373770183299153,0.007378006429926741,0.007373439111358668,0.716586050952607
TCGA-AN-A0FX-01A-11W-A050-09,0.0515957937073842,0.0014067991608894526,0.0014069047008164286,0.04136604937687882,0.001407266606030833,0.0014071889055328629,0.7724098278865121,0.12900016965595518
TCGA-B6-A0X1-01A-11D-A10G-09,0.07855634814902097,0.0017150820032027824,0.001715851905897531,0.0017147865405201658,0.001715704132007738,0.00171532957355476,0.911151484186603,0.001715413509192828
TCGA-A7-A0D9-01A-31W-A071-09,0.0056890749222906776,0.13500879191010898,0.15055972536415613,0.005691868448113925,0.5184730857015607,0.0056928486136680265,0.0056910378807640835,0.17319356715933745
TCGA-A2-A3Y0-01A-11D-A23C-09,0.000727862370912206,0.000728250794864153,0.000728158570687443,0.0007282208408296089,0.0007281331943353384,0.06473406628064304,0.93089726886641,0.0007280390813182753
TCGA-E2-A15K-01A-11D-A12Q-09,0.002983573209660718,0.002983618706668808,0.002979021762606703,0.18040320411168603,0.338132277162171,0.002982259578383693,0.002981561299444569,0.4665544841693786
TCGA-E9-A22E-01A-11D-A159-09,0.0010433132825772152,0.001043706686571226,0.15586431054052416,0.18386264218966406,0.0010435259072152133,0.0010433341338386825,0.6550556672937047,0.001043499965904707
TCGA-BH-A1EU-01A-11D-A135-09,0.006948901965129152,0.006953293567159673,0.006962182420881989,0.006956482947144927,0.7143282887087671,0.006955218798905967,0.006958879315115508,0.24393675227689587
TCGA-E2-A15H-01A-11D-A12B-09,0.004037987740447455,0.004039690966128495,0.004040204233568182,0.004042240041351456,0.0040413971837582685,0.40394194541605516,0.31391449015493544,0.2619420442637556
TCGA-3C-AALI-01A-11D-A41F-09,0.0002252180820077835,0.00022510717540128453,0.8695212980431901,0.03683118583293227,0.00022521139457043555,0.00022521954137095886,0.06267270805368115,0.030074051876846045
TCGA-C8-A130-01A-31D-A10Y-09,0.002721041587454979,0.002724568022482338,0.0773249861618146,0.00272149796904701,0.002722054279911375,0.0027233108451364964,0.3040955512696406,0.6049669898645125
TCGA-AC-A6NO-01A-12D-A33E-09,0.004472237949267192,0.004472481598698136,0.13214750744999726,0.004473458460566497,0.3464618927059173,0.22927160884118242,0.004471586989615816,0.27422922600475536
TCGA-AC-A8OS-01A-12D-A41F-09,0.002719408718407188,0.002725730604974861,0.16186351159782522,0.0027223882295625067,0.24619225335099323,0.0027225793559284258,0.40680779282988216,0.17424633531242645
TCGA-D8-A1J9-01A-11D-A13L-09,0.055079526442809036,0.0006110785821139539,0.8458624148005279,0.07614021581660167,0.020473837947750973,0.0006109151613945754,0.0006109580117967318,0.0006110532370050916
TCGA-C8-A8HR-01A-11D-A36J-09,0.00357493788054827,0.00357935017798431,0.0035774917917874485,0.003577448922473506,0.23383105629260612,0.0035775431844207836,0.5305599606102884,0.21772221113989107
TCGA-EW-A1PG-01A-11D-A142-09,0.011393425688057407,0.011380378325933657,0.011380705241379257,0.011387222682240445,0.2945268510122405,0.011378651391155589,0.011376887020968642,0.6371758786380245
TCGA-E2-A1B4-01A-11D-A12Q-09,0.0035789212451154207,0.22505260177950262,0.16762348350396902,0.15801032113721925,0.22159746780076175,0.003578442385958909,0.0035786564239299393,0.21698010572354312
TCGA-D8-A1JS-01A-11D-A13L-09,0.0054535400463560976,0.005441240069957976,0.005447603276503908,0.005443592970931256,0.5926231774735746,0.005442961924263357,0.005446239495160852,0.3747016447432519
TCGA-D8-A27T-01A-11D-A16D-09,0.005004729296514945,0.0050079307738439905,0.1582554487815549,0.19419721893135214,0.005010623414525399,0.005011349635470109,0.005010126265036255,0.6225025729017022
TCGA-D8-A3Z6-01A-11D-A23C-09,0.005698573801400622,0.005691759253529126,0.10306133484409369,0.005691676507377232,0.005692931953904724,0.005694294319788471,0.6536300282118924,0.21483940110801383
TCGA-A2-A1G1-01A-21D-A13L-09,0.004318261449285144,0.004317120930050165,0.004319321284278215,0.004320680451564869,0.004319357889766814,0.0043170447887107815,0.8066655119273721,0.16742270127897188
TCGA-OL-A66H-01A-11D-A29N-09,0.006950296204456753,0.006952948965327743,0.0069512788247357155,0.006955147310590426,0.4502824418885205,0.216462172034253,0.29848744314953013,0.006958271622585878
TCGA-D8-A1JI-01A-11D-A13L-09,0.003793807013538744,0.003793051415800055,0.0037912950688927796,0.003794980342044397,0.6555794237621517,0.003795194571898662,0.0037930718233339434,0.3216591760023396
TCGA-AN-A0FT-01A-11W-A050-09,0.0012164698649121538,0.001217095945537329,0.2862501438166041,0.0012157139236242025,0.266087859966177,0.0012158394324885118,0.001216011743876496,0.4415808653067802
TCGA-BH-A0AV-01A-31D-A10Y-09,0.0018711410372958006,0.058865756584387155,0.0018695850126990853,0.0018690135169324843,0.30513242140640595,0.0018699379932582778,0.6266524454934929,0.0018696989555284302
TCGA-A1-A0SM-01A-11D-A099-09,0.20827327174372484,0.0052213109426516,0.0052126825241621,0.005218754075586518,0.14950043413466135,0.005218853869621932,0.005218876713827383,0.6161358159957642
TCGA-BH-A1FM-01A-11D-A13L-09,0.002364051443180573,0.002361696262541648,0.30225758797011537,0.002363032333917016,0.30717924324193346,0.0023623751436045097,0.002363454681163408,0.37874855892354403
TCGA-BH-A1EX-01A-11D-A13L-09,0.006262682251953447,0.006260051414613523,0.006253581056664866,0.006262118005584468,0.006263903449587085,0.16354661278422,0.163546866446645,0.6416041845907317
TCGA-AR-A1AN-01A-11D-A12Q-09,0.004813332911892858,0.004814371858532377,0.09873774839913943,0.0048139134707568185,0.004818284239757938,0.00481805281049965,0.2669701106037411,0.6102141857056799
TCGA-C8-A12L-01A-11D-A10Y-09,0.0018141764239660806,0.0018149714100318495,0.0018139379439624243,0.089830219331933,0.0018152365298980961,0.001815113262974874,0.6758209858376383,0.2252753592595953
TCGA-B6-A0I9-01A-11W-A050-09,0.001763877074622781,0.0017636529389562755,0.0017641062093558273,0.001763808045725044,0.001764148206790202,0.00176359215817989,0.46111586169232394,0.5283009536740462
TCGA-UU-A93S-01A-21D-A41F-09,0.0008754190018584293,0.0008760359952836802,0.043931168872558594,0.30116587751524876,0.07072156883117349,0.13890772325087386,0.4426464614216319,0.0008757451113714168
TCGA-BH-A6R9-01A-21D-A32I-09,0.19817876616313215,0.012520948338406616,0.012514071775899317,0.012513715617384239,0.012523926907655176,0.012512599522963824,0.7267229982984222,0.012512973376136466
TCGA-AO-A0JG-01A-31D-A099-09,0.007817513339853963,0.007820747854168978,0.007821593945228673,0.37153281766726676,0.5815341278861296,0.00782439163382704,0.007830467778405799,0.007818339895119191
TCGA-B6-A0RP-01A-21D-A099-09,0.005005745560660694,0.005006672474313598,0.0050030808499569425,0.005010962479825071,0.37049990098322005,0.005009089310163649,0.20507853428767522,0.3993860140541848
TCGA-GM-A2DH-01A-11D-A17W-09,0.0007037734369006415,0.0007034507481808509,0.4082608011726461,0.08777755183806138,0.0007035156261672243,0.0007034462069427672,0.5004439350398759,0.0007035259312250536
TCGA-A8-A07P-01A-11W-A019-09,0.07145843278639553,0.002454355157785786,0.0024550570294497726,0.0024564646861460603,0.4025154513592782,0.11847336483141864,0.0024551290273466778,0.3977317451221794
TCGA-A7-A13E-01A-11D-A12Q-09,0.00231819453369424,0.0023181935979992873,0.0023196580547753236,0.002320543156633204,0.2184513998830088,0.03776378108516128,0.1620137575890163,0.5724944720997116
TCGA-AO-A12F-01A-11D-A10Y-09,0.13952397989831197,0.0035766085486843165,0.0035728693656086777,0.0035782119529904084,0.003578505611819805,0.2727944403912447,0.31437848309335564,0.2589969011379845
TCGA-C8-A275-01A-21D-A16D-09,0.0010096431136472912,0.028338157395419953,0.8200566100381432,0.0010100559766041159,0.001010116395982015,0.00101013153499122,0.14655518897927938,0.0010100965659327955
TCGA-A8-A07O-01A-11W-A019-09,0.0029120100523482273,0.08697511139684769,0.3485124200729807,0.0029110104912504356,0.002913377629698673,0.0029120019544262472,0.002911987567686735,0.5499520808347613
TCGA-D8-A142-01A-11D-A10Y-09,0.0009632425263678845,0.06226653524596035,0.0009635016122547513,0.0009635149749628189,0.0009633590168444871,0.0009633456370402724,0.6690302090359442,0.2638862919506252
TCGA-E2-A1LA-01A-11D-A142-09,0.0014225668653727297,0.0014234612835088616,0.0014222165502308544,0.0014241753431676223,0.0014231570613137097,0.0014233711419929206,0.9900380067560032,0.001423044998410107
TCGA-A2-A04P-01A-31D-A128-09,0.0009484144462733547,0.0009487051761484687,0.0009485543967990335,0.09472256436004839,0.0009487283996376717,0.0009487749276434071,0.8995856318305447,0.0009486264629048926
TCGA-A2-A0CS-01A-11D-A10Y-09,0.0034756964515568188,0.003478028228890921,0.0034767022864159603,0.2512893209384628,0.0034796818548858267,0.0034795611983078445,0.003479083769761329,0.7278419252717183
TCGA-D8-A1Y0-01A-11D-A14K-09,0.0018976190358752833,0.0018977589815181559,0.0018975241442886588,0.1345145844209551,0.1887157910007728,0.0018978299898173498,0.6672811068018786,0.0018977856248940839
TCGA-BH-A0HI-01A-11D-A099-09,0.18060056762126342,0.004814286634147946,0.00481986001626079,0.004819437724963925,0.4273139680142306,0.004815596162200171,0.004816534857554999,0.36799974896937815
TCGA-BH-A0C7-01B-11D-A10Y-09,0.002557353595581543,0.0025567798827105157,0.0025565766354370134,0.0025570994945848012,0.002556065325414384,0.0025572126541918232,0.35413473306029,0.63052417935179
TCGA-PL-A8LZ-01A-31D-A36J-09,0.001456874493540578,0.0014554396281521121,0.032236885890108403,0.4584891095807326,0.2722042579469639,0.0014560237794309949,0.00145614608751258,0.23124526259355888
TCGA-BH-A0AY-01A-21W-A019-09,0.09988762329610057,0.0025572511100118533,0.1642167140526889,0.0025557383870365978,0.04013763180563009,0.0025553578589131575,0.3345694245617263,0.3535202589278925
TCGA-E9-A1RB-01A-11D-A17G-09,0.003681031971659051,0.003681448664345991,0.0036798022815920125,0.15670064199486614,0.0036826401541612238,0.4638732974871448,0.3610175178530917,0.003683619593139039
TCGA-B6-A0RS-01A-11D-A099-09,0.0008244411475641989,0.0008239246893018105,0.0008237885907232935,0.0008240840305934005,0.21026120590108363,0.0008239809655193784,0.7847946396838754,0.0008239349913388395
TCGA-E9-A3X8-01A-31D-A22X-09,0.004036700522186331,0.004046536310669232,0.14570142944979153,0.0040395698212103365,0.08811503877127429,0.004037671755558637,0.34007960300982193,0.4099434503594877
TCGA-AC-A3QQ-01A-11D-A228-09,0.004640014908152662,0.15594933775826494,0.004632262923354725,0.004637905595268129,0.37818348663157075,0.00463766430638657,0.004635850451380777,0.44268347742562136
TCGA-OL-A66J-01A-11D-A29N-09,0.0024589144548235044,0.0024544927281109825,0.06952183435291345,0.002456510340826614,0.3269134115653568,0.31700001750388423,0.002455987545827389,0.27673883150825707
TCGA-AN-A0XS-01A-22D-A10G-09,0.004815551149003631,0.21153094591979796,0.08649531579514966,0.004816739430115885,0.3353002502222263,0.004816556564303581,0.00481463432740937,0.3474100065919936
TCGA-AN-A0G0-01A-11W-A050-09,0.003913061715137343,0.003919253251586861,0.003914448731613407,0.2606551096943019,0.003913094781935643,0.00391170208205684,0.280478536096015,0.439294793647353
TCGA-D8-A73U-01A-11D-A33E-09,0.0009636810197347328,0.0009629039514664131,0.8039270597066398,0.000963125822258112,0.13057227241219507,0.0009635482766507913,0.0009633414070574337,0.060684067403997594
TCGA-EW-A6SC-01A-12D-A32I-09,0.0052142594938401005,0.005214687627233221,0.0052212791036066845,0.11782425690171534,0.731033744698802,0.1250563055911388,0.005217305547725673,0.005218161035938175
TCGA-BH-A0DV-01A-21D-A12Q-09,0.01136930614419702,0.011380564765641664,0.011384282869931829,0.011387700510414935,0.9203506859298999,0.011373749810483828,0.01138151975064352,0.011372190218787211
TCGA-AQ-A54O-01A-11D-A25Q-09,0.00569688755691001,0.12290879299149511,0.09564656754159649,0.005691798878439521,0.0056928928900704355,0.005691186372765988,0.2113049956443632,0.5473668781243592
TCGA-A2-A0CU-01A-12W-A050-09,0.0032097240960130163,0.003209124047712795,0.00321245277806843,0.0032107965132426412,0.3368329269496152,0.003210359030424215,0.3787551182320372,0.2683594983528863
TCGA-LD-A66U-01A-11D-A31U-09,0.005216117152384814,0.0052197238014406065,0.005214918759196831,0.005220875859891223,0.23385464244289517,0.005218184047116914,0.32230371798349455,0.41775181995357985
TCGA-AR-A2LH-01A-31D-A18P-09,0.002160352556922069,0.0021591608941969693,0.7543525941383681,0.1006352944293048,0.0021599167420283355,0.0021596666640194655,0.0021599216798189264,0.13421309289534122
TCGA-HN-A2OB-01A-21D-A27P-09,0.00893855238860476,0.0722015649655043,0.21069706134487223,0.008948112950658694,0.008941664670186669,0.3577268324082081,0.32359995053623275,0.00894626073573253
TCGA-AR-A1AO-01A-11D-A12Q-09,0.0015847545505421542,0.13722085890079605,0.18644642001862552,0.07014784907490414,0.001585322309143571,0.0015850369159121685,0.5998439603297547,0.0015857979003217574
TCGA-D8-A27L-01A-11D-A16D-09,0.002844623080371628,0.002844886052117255,0.45858237939857655,0.00284479751139932,0.21478653301385858,0.0028449307726111516,0.002846004302070507,0.31240584586899506
TCGA-A8-A09M-01A-11W-A019-09,0.10836606822450462,0.0009560750634711124,0.0009556585457680423,0.03608300838292102,0.0009559807953209594,0.0009559835058321424,0.8507712913557915,0.0009559341263905563
TCGA-BH-A0E1-01A-11W-A071-09,0.0039137935955378495,0.003914421558824091,0.44337690907127886,0.0039098987613808995,0.003913527574827262,0.15076701328281178,0.1621642329175507,0.22804020323778856
TCGA-D8-A1J8-01A-11D-A13L-09,0.011462498631501073,0.00016366294857192345,0.6199940505696622,0.0001636681884547014,0.10347592768077228,0.2644128439977684,0.00016367737811978368,0.00016367060514975836
TCGA-A8-A08R-01A-11W-A050-09,0.0005068044765181751,0.000507161686553429,0.034104714915957984,0.11567867756628626,0.0005070339474322258,0.0005070305920466267,0.8476816497031818,0.0005069271120235047
TCGA-BH-A1EV-01A-11D-A135-09,0.001305173962098532,0.0013041002424051856,0.6120041368486584,0.0013047117137612893,0.001304247905920311,0.16321890189033675,0.21825413369152485,0.0013045937452947972
TCGA-A8-A06T-01A-11W-A019-09,0.004633154281380123,0.0046387180416869525,0.1508473615788579,0.004637269028250057,0.36822071158143876,0.378642452876287,0.0837418987381164,0.004638433873982846
TCGA-GI-A2C8-01A-11D-A16D-09,0.0010891168573705303,0.0010893476791785353,0.0010890130433154261,0.12322224225020557,0.0010889633804238707,0.0010889003951366936,0.7555023080761626,0.11583010831820686
TCGA-AR-A2LR-01A-12D-A18P-09,0.0022765691657666938,0.0022776650514208297,0.002276925210998867,0.18567651897715057,0.0022775015965293558,0.0022770030050199455,0.34614675940470097,0.4567910575884127
TCGA-AO-A0JI-01A-21W-A100-09,0.0073644982918917475,0.11850079954984,0.007355868406119413,0.007368035435809591,0.007363890069650137,0.007365643635188668,0.007369109984311508,0.837312154627189
TCGA-C8-A1HO-01A-11D-A13L-09,0.10597980909612802,0.003683400004313789,0.10147344890229237,0.12821087464249706,0.2685336716119999,0.0036841509411454027,0.00368419265381079,0.38475045214781245
TCGA-AQ-A0Y5-01A-11D-A14K-09,0.002235835127345432,0.0022368255962595045,0.22315994661257385,0.002237642681826944,0.14358815876968936,0.0022369653147457187,0.1932768265290319,0.43102779936852725
TCGA-AR-A2LL-01A-11D-A17W-09,0.0037989053375275684,0.003800623443885076,0.0037957115016571414,0.2144173807928262,0.003795979926721696,0.0037947931814916063,0.0037964965539566057,0.7628001092619341
TCGA-A7-A0DA-01A-31D-A10Y-09,0.000869579034144349,0.000870005676862342,0.0008694458086314054,0.1376276921376447,0.0008695739834383796,0.0008694194357765217,0.857154648771281,0.0008696351522212439
TCGA-B6-A1KC-01B-11D-A159-09,0.004471347855716611,0.004478891367826758,0.004469637292120187,0.0044746821151036035,0.004472127287243072,0.004473467985994596,0.4400766595167178,0.5330831865792773
TCGA-AC-A2QH-01B-04D-A22N-09,0.00404338144009307,0.004037308912172123,0.10295112422369922,0.004040446355937702,0.004040310603195808,0.3255661322818191,0.180836400359962,0.37448489582312106
TCGA-GM-A2DO-01A-11D-A19Y-09,0.0007499075948377652,0.04090233671613665,0.8950864357187046,0.0007501788154757237,0.06026042512546163,0.0007503219753399323,0.000750037670492973,0.0007503563835507514
TCGA-E9-A247-01A-11D-A167-09,0.0032946881843259022,0.00329372131739605,0.003294069993428588,0.0032965468704336835,0.0032938363137129728,0.34579820679949125,0.32531807720528033,0.3124108533159313
TCGA-A8-A06Q-01A-11W-A050-09,0.0005261576743646199,0.0005259997962876038,0.8314486911258775,0.0005261376458431323,0.05084638345612834,0.000526091413217675,0.0005262260027482017,0.11507431288553296
TCGA-A2-A0YM-01A-11D-A10G-09,0.0015649328470049,0.0015652507854336329,0.19455972307701738,0.0015659929741317323,0.0015651920484825717,0.001565610259670564,0.42037918342613256,0.3772341145821268
TCGA-E9-A1R4-01A-21D-A14G-09,0.001010166716681902,0.0010102172218614503,0.6965456690852271,0.14094665499715905,0.06600006555104171,0.09246721896659678,0.001010016239372735,0.001009991222059269
TCGA-OL-A5RY-01A-21D-A28B-09,0.013902837888457005,0.16782444946296093,0.013949833831354638,0.013912223778951977,0.013920886911323125,0.013914935843757593,0.013941827081869192,0.7486330052013256
TCGA-D8-A1XV-01A-11D-A14K-09,0.004036057947377666,0.004036862841502977,0.004039107566919947,0.004040575273591479,0.004040843609514278,0.0040398464839734435,0.48378994632090455,0.49197675995621554
TCGA-D8-A143-01A-11D-A10Y-09,0.002780083592240717,0.0027837942992422447,0.0027806796297772246,0.15704051180414835,0.0027829083734731094,0.002782847514200441,0.6204647826979696,0.20858439208894833
TCGA-BH-A18L-01A-32D-A12B-09,0.04125733983453872,0.002407696308281886,0.0024083073993340738,0.13684138047316957,0.169208123835166,0.07883315384120336,0.1191304309680795,0.44991356734022686
TCGA-E9-A22G-01A-11D-A159-09,0.0013467287280577982,0.001347059002118686,0.0013460436285899235,0.29579391290009555,0.0013466872798825879,0.0013467050912875946,0.6961264937037889,0.0013463696661787975
TCGA-A2-A4RW-01A-21D-A25Q-09,0.0011589992856604174,0.0011588599032030429,0.5063079441234793,0.10446732757977614,0.0011596984969836192,0.05966088144740389,0.32492696943874677,0.0011593197247467004
TCGA-E9-A1R2-01A-11D-A14G-09,0.0025036972417928007,0.002503410999345531,0.0025052034719298807,0.1249070664148854,0.3021180247156744,0.0025045546507262016,0.4388470781199879,0.12411096438565795
TCGA-AR-A0TS-01A-11D-A10Y-09,0.001625835293313513,0.009729087999798878,0.0016269514233699398,0.1740660454612205,0.0016261338263630827,0.0016268653305668136,0.8080719559818086,0.001627124683558706
TCGA-A2-A0EP-01A-52D-A22X-09,0.32971316361905273,0.013919105040880411,0.4192773267858739,0.013908097219983755,0.013931978560954673,0.013924142735266551,0.01392420637154441,0.1814019796664436
TCGA-BH-A0HA-01A-11D-A12Q-09,0.0004257674918132507,0.026336150764521324,0.08377097254516558,0.0004258210375376363,0.1805538237782405,0.7076356543709302,0.00042592514386762345,0.00042588486792395104
TCGA-E2-A1IG-01A-11D-A142-09,0.0030557145090234694,0.003056717286920472,0.003054088843112602,0.003053244938920595,0.17069559944338197,0.003053993048950068,0.3063483611137363,0.5076822808159546
TCGA-E2-A572-01A-13D-A31U-09,0.006588304670026666,0.006590884110869351,0.12384927874804719,0.006586763287931508,0.006590538236317903,0.3543131796939431,0.48888765393505673,0.006593397317807665
TCGA-LL-A9Q3-01A-11D-A41F-09,0.0027811668450779693,0.002781616754171165,0.0027830165089597824,0.0027828868291652044,0.5285244591442515,0.15837726357640064,0.002783023512845216,0.29918656682912853
TCGA-A2-A259-01A-11D-A16D-09,0.005959534117316748,0.005958149733013494,0.2585783982087897,0.005959911821399484,0.0059644997182930854,0.005962918561138458,0.3909096243820985,0.3207069634579506
TCGA-BH-A28Q-01A-11D-A16D-09,0.005960595423285501,0.0666865536043884,0.005965803665542323,0.005960782484510277,0.005964064572381306,0.2529423308709253,0.3350113467008022,0.3215085226781647
TCGA-BH-A0EI-01A-11D-A10Y-09,0.006589822618054838,0.006589049472478382,0.00658737118838279,0.006590135274445579,0.18915491761584197,0.006589900315457845,0.0065931034984312836,0.7713057000169075
TCGA-E2-A15R-01A-11D-A10Y-09,0.0032097044379924425,0.0032084795532732755,0.06681220554484484,0.003213028064970293,0.3625005787629302,0.003210557579051156,0.003209541190297946,0.5546359048666397
