,Topic 1,Topic 2,Topic 3,Topic 4,Topic 5,Topic 6,Topic 7,Topic 8
TCGA-D8-A146-01A-31D-A10Y-09,0.003795027835086957,0.003793998929533988,0.003793972446657755,0.3173807937319269,0.26986982906847057,0.29081120284181217,0.003794706860977437,0.10676046828553433
TCGA-EW-A2FW-01A-11D-A17D-09,0.005437717579409398,0.005450176808338994,0.0054407873905332055,0.00544228523825504,0.8270479677609065,0.14029565744766473,0.005440340232552472,0.005445067542339738
TCGA-A7-A0CD-01A-11W-A019-09,0.004635041410263656,0.00463967044098358,0.004632763825668518,0.22638907676599646,0.42776646530644974,0.004638519846132698,0.004635826574566541,0.3226626358299387
TCGA-A8-A09K-01A-11W-A019-09,0.0029793916418054673,0.0029801795315448965,0.0029796300959823254,0.002982564300164363,0.5936242149503824,0.002982805362367287,0.0029803793638527847,0.38849083475390045
TCGA-AR-A0U0-01A-11D-A10G-09,0.07923395178792697,0.0035775883595789105,0.0035783410577997707,0.12784643648686328,0.0035786647497884796,0.003578253063904894,0.3290485715415302,0.44955819295260746
TCGA-A8-A07G-01A-11W-A050-09,0.0021587309404221345,0.24095974280464072,0.0021611710793978077,0.19447400564560915,0.33464579418179724,0.00215869299428831,0.002159935030801998,0.2212819273230427
TCGA-AR-A24Q-01A-12D-A167-09,0.0007197467630189699,0.39804928237963605,0.000719788208085753,0.12441028680914781,0.0007196356585885658,0.0007197766043567679,0.39329453768270434,0.08136694589446175
TCGA-D8-A27R-01A-11D-A16D-09,0.17820293065254192,0.03251869766842803,0.00464369478425018,0.11660011354261514,0.004639709907003919,0.0046364923348285675,0.004640063514449857,0.6541182975958825
TCGA-D8-A1XR-01A-11D-A14K-09,0.005212018126733838,0.2448606200521492,0.005214575175303327,0.12964260018615292,0.005218340980031013,0.5994197665933393,0.005213920240846638,0.005218158645443701
TCGA-B6-A0WV-01A-11D-A10G-09,0.004467562670774576,0.004470394702044063,0.004474402837798302,0.18320234131071153,0.0044715924747601495,0.004472173192139971,0.13880864630435819,0.6556328865074132
TCGA-E9-A1NA-01A-11D-A142-09,0.044908575709806726,0.09394688833270762,0.08837172294472011,0.0014557974461934643,0.15125626587437013,0.0014558012561875636,0.37410167508312725,0.24450327335288724
TCGA-BH-A0BS-01A-11D-A12Q-09,0.008339668734209006,0.008349413759463829,0.008343609751400876,0.1568041696012353,0.31210486418962996,0.23222677585840024,0.008349882529899917,0.2654816155757608
TCGA-B6-A1KI-01A-11D-A14K-09,0.17555269614073105,0.006256239360579693,0.006260867981647101,0.0062644391494524245,0.006262069833047901,0.006260731022409067,0.006261285557712703,0.7868816709544201
TCGA-S3-AA11-01A-31D-A41F-09,0.06147568782208728,0.37376849082111596,0.0018976522283981358,0.0018981237017439664,0.0018976747444553695,0.0018972743553912837,0.0018973139182153565,0.5552677824085926
TCGA-A2-A0CR-01A-11D-A228-09,0.0009854733231051134,0.11092504806768032,0.8345171043707508,0.04962841716472907,0.0009860461043875576,0.0009856612597322274,0.0009859548119190349,0.0009862948976959828
TCGA-AO-A03O-01A-11W-A019-09,0.0015854480562998365,0.0015847927786017066,0.0015853274664800238,0.0015849537849793433,0.0015855183447825616,0.0015853389537003103,0.04080584152668513,0.9496827790884712
TCGA-E2-A15L-01A-11D-A12B-09,0.00431685035858513,0.004321024824061898,0.004318333509989033,0.004313969581866191,0.6466741063924406,0.14695676161683943,0.18477975835346025,0.00431919536275753
TCGA-A8-A07F-01A-11W-A019-09,0.004633516485167473,0.004636428492593778,0.004637146688999469,0.004636439239415134,0.4311551847050101,0.004636712486113654,0.004636908642645692,0.5410276632600547
TCGA-A7-A6VV-01A-22D-A33E-09,0.00255777872881274,0.13649481852235926,0.0025557395945541906,0.1247578994665916,0.20299481121122212,0.18576738161481704,0.3423162379903621,0.0025553328712810716
TCGA-A8-A095-01A-11W-A019-09,0.0007976609535443958,0.08043211274550473,0.8156954230283999,0.0007974092495122154,0.09988439969431614,0.0007977391668003447,0.0007975703499691176,0.0007976848119531949
TCGA-A2-A3XW-01A-11D-A23C-09,0.017911318089057684,0.017894041001487306,0.542489763291968,0.01787431803289933,0.01789016959483125,0.3500860525268977,0.017935089412450696,0.01791924805040811
TCGA-A2-A0EO-01A-11W-A050-09,0.004317353738309988,0.004317641479061216,0.004318666226121715,0.4130239298974022,0.004319700202202261,0.004319418293262771,0.004315743877171814,0.5610675462864682
TCGA-EW-A1J2-01A-21D-A13L-09,0.003794299042677444,0.0037949864678663587,0.0037972638730494166,0.0037925795793708195,0.7784933829625675,0.003796727754472036,0.003796098472399591,0.1987346618475968
TCGA-AR-A255-01A-11D-A167-09,0.14713850860781702,0.3691661236573687,0.2693799551974143,0.0020868287057737027,0.002087658324405373,0.20596637986101146,0.002087194902878129,0.002087350743331164
TCGA-A8-A08P-01A-11W-A019-09,0.0018428330295538382,0.001841194561720003,0.1586601662592743,0.0018414322088642911,0.17470386101322846,0.001842047419174622,0.27763269204663243,0.381635773461552
TCGA-B6-A0RT-01A-21D-A099-09,0.0485154218795248,0.0024561768188801135,0.0024547351741313096,0.0024530193585585365,0.0024545339315128886,0.0024543188614804022,0.5910565535913141,0.34815524038459783
TCGA-A2-A0CQ-01A-21W-A050-09,0.003389008821718211,0.0033835341576517733,0.0033847354551855735,0.15307919743508494,0.00338514716229284,0.003384161989509063,0.003385061893528765,0.8266091530850288
TCGA-B6-A0IE-01A-11W-A050-09,0.003913470520454579,0.0039138286468700005,0.0039139541001085975,0.003915850744076486,0.17173631185492313,0.0039140530673994825,0.003912669035506905,0.8047798620306609
TCGA-BH-A0W7-01A-11D-A10Y-09,0.0005879421287877718,0.0736967772061413,0.8774023906850901,0.045961214946909135,0.0005877901827418422,0.0005880728276501467,0.0005878575040372922,0.0005879545186423786
TCGA-A2-A0EQ-01A-11W-A050-09,0.000537173063622873,0.0005375554947583047,0.6254145620344859,0.0005374316516193565,0.0005374225503731094,0.08567683103657374,0.23604326075562737,0.05071576341293955
TCGA-AR-A1AS-01A-11D-A12Q-09,0.07719837833925942,0.0031300869329715588,0.21401498203497019,0.12722607240691314,0.26013620296140555,0.0031305275152384137,0.0031295666971355653,0.31203418311210607
TCGA-D8-A27K-01A-11D-A16D-09,0.0062595634659775735,0.006259551782698791,0.006262454349838551,0.006266094031980233,0.4059367606156426,0.1337381588074301,0.0062621221297293715,0.42901529481670275
TCGA-BH-A0BF-01A-21D-A12Q-09,0.004040928741755885,0.004038097823811791,0.004045999061168116,0.06294754910719486,0.004041071750494769,0.004039973588989482,0.004041984273786628,0.9128043956527986
TCGA-E2-A1IJ-01A-11D-A142-09,0.008349294210008636,0.4396459678990765,0.008341794071594114,0.008358607016774778,0.008349107397671161,0.008351346393347685,0.008343425973593522,0.5102604570379337
TCGA-BH-A1F5-01A-12D-A13L-09,0.003912120783661069,0.4595899318975996,0.0039119579996115495,0.003915123893780135,0.2962635651290284,0.00391454642145429,0.003912635763017478,0.22458011811184733
TCGA-BH-A0B5-01A-11D-A12Q-09,0.0021230511092254624,0.00212217611189832,0.7077907934480706,0.04265119305632707,0.1658964289817609,0.07517175825355597,0.002121983453599072,0.0021226155855625776
TCGA-A2-A0YT-01A-11D-A10G-09,0.22494774240143206,0.002159156246289482,0.002159156395199574,0.002157463510432024,0.2143971200334795,0.0021591615911280247,0.10048904251857745,0.4515311573034618
TCGA-A8-A083-01A-21W-A019-09,0.0818222368803807,0.004173988548529043,0.004179227110874975,0.0041773825590545495,0.004176334167555779,0.00417482115275514,0.004174934913739626,0.8931210746671101
TCGA-BH-A0B4-01A-11W-A019-09,0.0018430753844947583,0.22988122322346338,0.0018421403813761567,0.20905727706599922,0.0018420284188301371,0.0018418052426120745,0.22880403259374368,0.3248884176894806
TCGA-EW-A1P8-01A-11D-A142-09,0.0035808467796298277,0.0035767750158558383,0.0035809909104682286,0.14179513839284896,0.003579061684241132,0.0035788309877229085,0.003580100638209508,0.8367282555910237
TCGA-BH-A0GZ-01A-11W-A071-09,0.003910038010084105,0.16847162827702977,0.003913056529859219,0.2443942511935226,0.32955990571942134,0.0039097485407191745,0.24192826821501504,0.003913103514348836
TCGA-A2-A0CV-01A-31D-A10Y-09,0.00569498141434965,0.13759251593190192,0.0056982321756249696,0.005689240155764836,0.36541586605229787,0.46852201975997104,0.005694704888350102,0.005692439621739626
TCGA-C8-A12Q-01A-11D-A10Y-09,0.06592715645277075,0.1274470230842544,0.6059148008617329,0.0011087316814094345,0.1138469914706472,0.08353883243857853,0.0011081663440740718,0.0011082976665326772
TCGA-AR-A1AL-01A-21D-A12Q-09,0.004632464401602657,0.004638062363336684,0.08427904245042965,0.004637761216839721,0.14232545109173095,0.0046409776797635425,0.004638078601730202,0.7502081621945665
TCGA-BH-A1F6-01A-11D-A13L-09,0.0032946998085637996,0.0032957331652259413,0.0032949496785049637,0.15184384252901711,0.0032962060319009444,0.12514501986575005,0.2569636989353535,0.45286584998568363
TCGA-AO-A12H-01A-11D-A10Y-09,0.005692361643374794,0.005692894227191817,0.0056877342146243745,0.00568975020405303,0.5367180800849435,0.005688389801906783,0.005690930423047355,0.4291398594008583
TCGA-B6-A0WY-01A-11D-A10G-09,0.005217323676484149,0.0052208468041772,0.005218992829578859,0.005219427065224349,0.3361908637931586,0.005219727085765394,0.0052162280899836905,0.6324965906556276
TCGA-AN-A0XP-01A-11D-A117-09,0.00432381501455331,0.00431823855775924,0.17983136455065088,0.004316788309807212,0.004319428828523045,0.45103804863018826,0.34753313350426596,0.004319182604252213
TCGA-E9-A1NC-01A-12W-A16L-09,0.0017892952013013623,0.40928478263084933,0.001789098971973414,0.0017894290356223544,0.001789215695703255,0.21769220245959292,0.3640768820997161,0.0017890939052412334
TCGA-LL-A740-01A-21D-A32I-09,0.0026101370641062565,0.12282220282696114,0.002609978165121601,0.025028950263392816,0.4228815724617539,0.1354007253902994,0.0026094324648109637,0.286037001363554
TCGA-E2-A15S-01A-11D-A10Y-09,0.0022750097351000296,0.446332233425402,0.0022782052863725326,0.0022778804380782147,0.002277616153681375,0.1751488568216117,0.3671333073631678,0.0022768907765864164
TCGA-AN-A046-01A-21W-A050-09,0.9988410847506108,2.1005393152006352e-05,2.099341327540882e-05,2.1005774884922588e-05,2.1004716227262104e-05,0.0010329037099255883,2.099761589930938e-05,2.1004626024579012e-05
TCGA-EW-A6SB-01A-12D-A32I-09,0.0021212452444705427,0.002122654969780887,0.0021226662418819334,0.0021222743780200982,0.2280966738428662,0.21305718156711986,0.15682650259640846,0.393530801159452
TCGA-E9-A1R5-01A-11D-A14K-09,0.002785591619015681,0.0027836448331934084,0.002785582316778383,0.0027825288458812403,0.5112341070264022,0.002781866835485475,0.0027845487074038503,0.47206212981583967
TCGA-Z7-A8R5-01A-42D-A41F-09,0.005438955275028894,0.0054405700079141845,0.0054378855122831065,0.0054436865500070986,0.6838159279431784,0.2835416616052159,0.005438688561779817,0.005442624544592705
TCGA-BH-A1ES-01A-11D-A135-09,0.005695239370399028,0.3217704096978605,0.00569882223915113,0.005690365145021832,0.6440618941844933,0.0056952452177610816,0.005697253444092263,0.00569077070122085
TCGA-A8-A07U-01A-11W-A050-09,0.001898487651441882,0.2682434028188581,0.33183652251340895,0.09179056637253763,0.1968508035124005,0.001896215977109453,0.10558624006525787,0.0018977610889854835
TCGA-E2-A1B5-01A-21D-A12Q-09,0.0032985949113505404,0.003294459338841613,0.37324805567660696,0.0032958042943843366,0.6069748642303231,0.0032980102132668353,0.0032950032444219145,0.003295208090804754
TCGA-C8-A9FZ-01A-11D-A41F-09,0.006584676744175128,0.006589684127761661,0.006590463284126935,0.006588816141009379,0.40160017638508433,0.006590428657748541,0.006591701186411982,0.558864053473682
TCGA-E2-A15A-06A-11D-A12B-09,0.0037965134309529158,0.46119672229888414,0.0037936857027478657,0.003797784323178515,0.5160259272201883,0.003796506213596832,0.0037975779061003813,0.003795282904351058
TCGA-B6-A0RG-01A-11W-A071-09,0.0021220050341180063,0.00212257423245496,0.0021228256037512574,0.0021225155250188727,0.0021223990454180535,0.002122247056524519,0.5009295871330823,0.48633584636963195
TCGA-E2-A1B0-01A-11D-A12Q-09,0.002454538028937354,0.0024550481537001416,0.0024556259009600673,0.002455421448483366,0.557912797582477,0.24580264766384957,0.18400815356021766,0.0024557676613748644
TCGA-AO-A12A-01A-21D-A10Y-09,0.007356943750448161,0.007365962938546776,0.007359700307068068,0.007368046139668809,0.7644289834291532,0.0073673813771317565,0.007361819961663471,0.19139116209631962
TCGA-A2-A0D2-01A-21W-A050-09,0.0014903105265012106,0.07219284082674235,0.0014903588606486402,0.16554418289993483,0.0014904596170274033,0.09850362758450702,0.5610360423321633,0.09825217735247505
TCGA-AN-A04C-01A-21W-A050-09,0.001627331245626634,0.0699666911137174,0.0016265467974514991,0.0016268724236678928,0.4579032807937661,0.12401611285800097,0.00162679222463344,0.34160637254313597
TCGA-A7-A0CG-01A-11W-A019-09,0.0024554612800175646,0.002455786591942409,0.163375010591886,0.002455129669041691,0.4947350627224088,0.0024565538446185272,0.00245571610761556,0.32961127919246935
TCGA-GM-A2DI-01A-31D-A18P-09,0.0019577133800389728,0.001955184648787616,0.9402830522966202,0.001958729760359916,0.04797859446001743,0.001955733485217311,0.001955162730985844,0.0019558292379726993
TCGA-C8-A12K-01A-21D-A10Y-09,0.00091364350398089,0.0009142448531540955,0.0009140844300791574,0.03663379214626775,0.000914202181787397,0.0009141543918072685,0.9578818071077555,0.0009140713851680192
TCGA-GM-A2D9-01A-11D-A18P-09,0.0002499769472536643,0.0002498994100286485,0.9178899064920049,0.0002500110205432961,0.08061034500899036,0.00025001883160570017,0.0002499128792365908,0.0002499294103369037
TCGA-A7-A26J-01B-02D-A272-09,0.006591509622579388,0.006593498190076687,0.0065859887802599895,0.30054120710886995,0.006592014025118965,0.006590905321331909,0.006590076988082388,0.6599147999636807
TCGA-LL-A5YP-01A-21D-A28B-09,0.0016692192012925332,0.4274507237159742,0.001670018224091142,0.15617143455383373,0.00166968425164274,0.0016696025116431314,0.21679138691901662,0.19290793062250597
TCGA-A7-A26J-01A-11D-A272-09,0.005216942175644283,0.4225698032849969,0.005217261391881987,0.13696147241999992,0.414378972548978,0.005215010555007704,0.005220822516436662,0.00521971510705456
TCGA-HN-A2NL-01A-11D-A18P-09,0.0016484116322227846,0.29390900136654213,0.001647086658606537,0.001646925772502222,0.0016476124375818465,0.0016479195839579535,0.12221155801612867,0.5756414845324579
TCGA-AR-A24O-01A-11D-A167-09,0.005976165456047112,0.005964330461440181,0.00596203576559852,0.005966491513614433,0.005963596694014896,0.0059655598143459245,0.005962463128357752,0.9582393571665813
TCGA-A7-A26E-01B-06D-A272-09,0.0034765892129205857,0.003479015376134425,0.0034806026588767506,0.0034778215940850653,0.9756515106808097,0.003476238074576133,0.003479311782757281,0.0034789106198400083
TCGA-A8-A07W-01A-11W-A019-09,0.000941911697773405,0.0009416513734017011,0.0009418103452733116,0.0009419852629729314,0.03600010540455884,0.1416640475197587,0.25470425137432073,0.5638642370219403
TCGA-AN-A0AM-01A-11W-A050-09,0.0014732688778299025,0.0014735658622620172,0.14308181540999215,0.08006614303335115,0.048648936754373644,0.0014733397609364813,0.0014733366732298519,0.7223095936280248
TCGA-AC-A5EI-01A-11D-A27P-09,0.004634238147836183,0.004640475181348839,0.00463978750102524,0.004639112033793797,0.6254832311831787,0.004637821847406297,0.004638842896564135,0.3466864912088467
TCGA-LL-A7SZ-01A-32D-A351-09,0.002609196643637989,0.002608665532692738,0.0026075722010353805,0.002608562824236873,0.42772469443151884,0.35856676714138935,0.0026084444763397317,0.20066609674914915
TCGA-A8-A09Q-01A-11W-A019-09,0.07314586507487555,0.0008027800878901629,0.0008026559469572867,0.0008026221594678701,0.0788816029642018,0.0008027343653342653,0.04657830105814287,0.7981834383431302
TCGA-E2-A15E-06A-11D-A12B-09,0.0033803598205898715,0.1305693733604283,0.0033848704854442767,0.0033845202143296172,0.1919348185196633,0.4794451358264582,0.1845159045676805,0.003385017205406005
TCGA-B6-A0IJ-01A-11W-A050-09,0.0008763077132057744,0.11379503623370389,0.0008758207110193986,0.0008756378295467303,0.0008756227915005066,0.0008756886857783186,0.5285186498644734,0.3533072361707721
TCGA-E2-A15E-01A-11D-A12B-09,0.0036796998336057797,0.12766396435291313,0.0036834815725744325,0.003681653288245545,0.3079323386571974,0.3901358099644423,0.1595398286037258,0.0036832237272956033
TCGA-A8-A0A4-01A-11W-A019-09,0.005958175544627036,0.2533501207688362,0.005956402177247505,0.005959520691549784,0.7108900237440996,0.005961883076751015,0.005961319903542639,0.0059625540933462675
TCGA-E2-A1LL-01A-11D-A142-09,0.0030526686139514926,0.003054815903948207,0.0030523893464733305,0.003054384116070523,0.0030537019019135133,0.0030541060207036536,0.17389697700091578,0.8077809570960235
TCGA-AN-A0FY-01A-11W-A050-09,0.0025043052355130588,0.0025033742252444815,0.0025032347846901323,0.002506152261435788,0.5430908831536599,0.15246036090957754,0.0025038029164498837,0.29192788651342916
TCGA-E2-A15J-01A-11D-A12Q-09,0.0054406985922732425,0.005445567155908866,0.005441317652515089,0.005448192776950321,0.22126247081515088,0.005446500160203022,0.00544394350940498,0.7460713093375936
TCGA-D8-A1XG-01A-11D-A14G-09,0.0062618107233781235,0.25333401806866446,0.0062583108333354965,0.006259508073833706,0.40974141947563547,0.305600148280101,0.006274702940145109,0.0062700816049067265
TCGA-AR-A24L-01A-11D-A167-09,0.0029790946159985888,0.0029819730368745544,0.002982520405499994,0.0029836675811301555,0.0029810959550581016,0.0029802398036558922,0.2924882749245375,0.6896231336772451
TCGA-OL-A66O-01A-11D-A31U-09,0.00544471499677399,0.00544644663681529,0.005441751060146129,0.005446244748107633,0.37302937427870486,0.0054477275236867045,0.005445384649598463,0.594298356106167
TCGA-B6-A0X0-01A-21D-A10Y-09,0.12209326015249033,0.39478485946765113,0.006592128168467406,0.006587141962770602,0.45016561827245466,0.006591064527358708,0.006594046622686242,0.006591880826121075
TCGA-E9-A244-01A-11D-A167-09,0.00136090968338598,0.20701602126828195,0.0013611911796457747,0.0013616070840962752,0.0013612451617756559,0.0013612389243844428,0.0013611491955217159,0.7848166375029083
TCGA-BH-A0EA-01A-11D-A10Y-09,0.004468731770702882,0.004469874020848008,0.004471650437087304,0.004473761299314326,0.9686968324751496,0.004475272015063683,0.004471193262440109,0.004472684719394109
TCGA-BH-A8FZ-01A-11D-A351-09,0.0018983167027437392,0.09834109828066345,0.10385253662390016,0.0018960919022588793,0.0018969025933254962,0.0018971198027650693,0.001897710995359278,0.7883202230989839
TCGA-BH-A0AZ-01A-21D-A12Q-09,0.0021962847403929156,0.6130378796377578,0.16558021696470562,0.0021967174758911975,0.002196883861229322,0.002197036122081246,0.002196905472301454,0.21039807572564045
TCGA-AO-A1KT-01A-11D-A13L-09,0.0027200345742417666,0.002722514708356663,0.002721753051199345,0.0027215800194066416,0.2055344930578198,0.23552496764502803,0.0027217571880527817,0.5453328997558949
TCGA-EW-A1P4-01A-21D-A142-09,0.001957513320132439,0.0019561375595148877,0.001955616378120886,0.0019560112046549554,0.001956276116381381,0.09056350524473314,0.26757235887811603,0.6320825812983463
TCGA-E2-A14R-01A-11D-A10Y-09,0.0011601632213343494,0.12865702508562446,0.0011594319827014188,0.0011593190786330255,0.001159300048299243,0.048783978002766216,0.38972604654363796,0.4281947360370032
TCGA-D8-A1JD-01A-11D-A13L-09,0.001333173468994714,0.409428955945981,0.17880533647925062,0.0013328190215975734,0.0013321373507774953,0.0013322518337599485,0.0013321916198359685,0.40510313427980255
TCGA-B6-A409-01A-11D-A243-09,0.0033817364910816968,0.1739484721859842,0.15075772674040844,0.08946752479579595,0.40218577145935813,0.17348870838371508,0.003384729496694919,0.0033853304469615157
TCGA-A8-A06Y-01A-21W-A019-09,0.004042156666527325,0.12931184949277355,0.00404262216602454,0.00403685083124758,0.4082456228665955,0.0040413874101939955,0.004040934440822509,0.4422385761258151
TCGA-E9-A248-01A-11D-A167-09,0.007365386684126495,0.007369795424853462,0.007375600743640332,0.007372439189685704,0.6842832876713094,0.007376180526094333,0.007370269829320009,0.27148703993097023
TCGA-AN-A0FX-01A-11W-A050-09,0.05166441647959489,0.06896089076085891,0.0014084633186322436,0.0014077808098049546,0.0014072611183450021,0.001406727985268715,0.0014073069654822418,0.872337152562013
TCGA-B6-A0X1-01A-11D-A10G-09,0.06588035059536276,0.0017152024764122132,0.0017149769575917871,0.08921821515322571,0.0017150751714150147,0.0017156231435033601,0.4906600581262051,0.347380498376284
TCGA-A7-A0D9-01A-31W-A071-09,0.005687343662914093,0.00569031423929782,0.2272660810230232,0.005692806857072568,0.00569323424642729,0.005693427571461693,0.0056899326477694405,0.7385868597520339
TCGA-A2-A3Y0-01A-11D-A23C-09,0.0007277727880422636,0.000728037766393109,0.0007281277614503336,0.0007283041233532133,0.0007279487045977938,0.004144078133858185,0.3276927159980274,0.6645230147242777
TCGA-E2-A15K-01A-11D-A12Q-09,0.0029857283713657797,0.002982704619634247,0.002978885537821966,0.002982912837573413,0.4382514615526857,0.0029831962166682086,0.002980445848033601,0.5438546650162172
TCGA-E9-A22E-01A-11D-A159-09,0.0010429413027373648,0.27147461896605185,0.0010437602657765253,0.001043527955349529,0.0010438249532152622,0.0010434662941469486,0.6413479463052144,0.08195991395750814
TCGA-BH-A1EU-01A-11D-A135-09,0.006948154925986865,0.3533834505811288,0.006966941529376414,0.006955086328097229,0.3052608157981925,0.3065652038542399,0.006962740086649783,0.00695760689632852
TCGA-E2-A15H-01A-11D-A12B-09,0.0040376905261476775,0.00404167959080875,0.0040426903199470305,0.004042486331796993,0.544015512113125,0.4317368071487835,0.0040425628572325735,0.004040571112158419
TCGA-3C-AALI-01A-11D-A41F-09,0.0002252656063560377,0.03200384016348268,0.8085661198849586,0.00022521497546630571,0.060003293819639536,0.0002252374771879144,0.09852578522732391,0.00022524284558493105
TCGA-C8-A130-01A-31D-A10Y-09,0.0027210992484539426,0.002720985293553187,0.0027225916298394214,0.002720523758606781,0.5880505040021032,0.10471267285016923,0.12551474992353542,0.1708368732937388
TCGA-AC-A6NO-01A-12D-A33E-09,0.004470871908841452,0.004470160779178126,0.0044768900480433365,0.004472831794396752,0.7284187578825436,0.24474497359951042,0.004474152795672318,0.004471361191813997
TCGA-AC-A8OS-01A-12D-A41F-09,0.002718873748012806,0.0027224658376355762,0.2439717189920051,0.002720851109101808,0.0027225842176325558,0.12629527980651778,0.0027220869991310737,0.6161261392899633
TCGA-D8-A1J9-01A-11D-A13L-09,0.0732325542983031,0.0501141333966838,0.7862586824989969,0.0006106647534761167,0.0006109999064420915,0.0006110327308693451,0.08795087443920616,0.0006110579760224639
TCGA-C8-A8HR-01A-11D-A36J-09,0.003576410145311705,0.0035769717345555006,0.003579794505745514,0.0035790003001188275,0.003579345962992775,0.0035784806419190515,0.1576307093459098,0.8208992873634469
TCGA-EW-A1PG-01A-11D-A142-09,0.011397704483955393,0.011402429303771677,0.011373493854290375,0.011371313232523031,0.9203063997524356,0.011382285668130864,0.011379696797480087,0.011386676907413126
TCGA-E2-A1B4-01A-11D-A12Q-09,0.0035771740529329074,0.3123284158557521,0.0035793556440804905,0.0035783100178104653,0.6661982151101166,0.003579607171051666,0.003579888430899529,0.0035790337173563906
TCGA-D8-A1JS-01A-11D-A13L-09,0.0054609522166470924,0.005444591062899317,0.00544434751103098,0.005445417432141488,0.5579224274670719,0.005444273309057434,0.005446069607329938,0.40939192139382197
TCGA-D8-A27T-01A-11D-A16D-09,0.005004321172855067,0.005009533883782759,0.005006058531255818,0.00500717395170714,0.9072214420695076,0.06273140679365323,0.005008876276195843,0.00501118732104249
TCGA-D8-A3Z6-01A-11D-A23C-09,0.005702209792475819,0.005693136083842841,0.16187330416761084,0.005694760193647195,0.005693315375361989,0.10879587756088364,0.005691442857221161,0.7008559539689566
TCGA-A2-A1G1-01A-21D-A13L-09,0.004317261372197907,0.2756929190506362,0.004316722212900482,0.004321236942063361,0.2554413211850169,0.0043166469134136,0.004316532009590712,0.447277360314181
TCGA-OL-A66H-01A-11D-A29N-09,0.006950298438442658,0.006955163202203027,0.006954063189870668,0.09877218834995122,0.006959167285366305,0.0069590433432371,0.006956096571826388,0.8594939796191026
TCGA-D8-A1JI-01A-11D-A13L-09,0.0037944306690075222,0.10411283540509278,0.0037908454533678677,0.3885549612455921,0.22377586342069924,0.26838460079642784,0.0037918487462290443,0.0037946142635834255
TCGA-AN-A0FT-01A-11W-A050-09,0.0012163356390984047,0.0012158783914757545,0.0012160035253854784,0.0012162202784631033,0.6768868469624411,0.0012159075889436584,0.3158171492752051,0.0012156583389873526
TCGA-BH-A0AV-01A-31D-A10Y-09,0.001870597917780175,0.0018694951175039318,0.0018688072567191855,0.14686212650900532,0.0018690975881125115,0.0018699147149982415,0.3688370296314846,0.4749529312643959
TCGA-A1-A0SM-01A-11D-A099-09,0.27312320324727113,0.0052150700042371025,0.0052121975785368755,0.005219511230670942,0.13064180792240318,0.005217639647970425,0.005213521030682297,0.5701570493382281
TCGA-BH-A1FM-01A-11D-A13L-09,0.00236478619381422,0.0023632086283780886,0.2546942495055505,0.002362843911476163,0.31219532530054606,0.002362476544366397,0.002362411621879934,0.42129469829398875
TCGA-BH-A1EX-01A-11D-A13L-09,0.19581043348740623,0.006258575589006923,0.006252968439688001,0.0062588963865529545,0.0062630103030935375,0.3966154027985478,0.006259829497537868,0.3762808834981666
TCGA-AR-A1AN-01A-11D-A12Q-09,0.0048140278613671905,0.0048151783453622785,0.12553641251877667,0.004814950110586862,0.3795976470355387,0.18949599810844367,0.004817325274061793,0.2861084607458627
TCGA-C8-A12L-01A-11D-A10Y-09,0.0018141981893052609,0.001815184398033366,0.001814967931864171,0.020838626384410815,0.0018150634610175726,0.00181448800510241,0.0018147781857373818,0.968272693444529
TCGA-B6-A0I9-01A-11W-A050-09,0.0017636473547965506,0.0017639216502548364,0.0017644842343704779,0.001764258678876377,0.43727516411247686,0.0017636102380848946,0.0017643943716785656,0.5521405193594614
TCGA-UU-A93S-01A-21D-A41F-09,0.0008751576395007084,0.5390165592227923,0.0008757025996143303,0.14135342514634144,0.0008758302991624738,0.10578076587867108,0.21034679445916088,0.0008757647547566281
TCGA-BH-A6R9-01A-21D-A32I-09,0.18642521923094701,0.01252086669049308,0.012510267486048873,0.012507882783010337,0.012514712889322406,0.012533521776865921,0.7384609909544707,0.012526538188841646
TCGA-AO-A0JG-01A-31D-A099-09,0.00781826947689791,0.007828672440585766,0.007819981748421023,0.007823314366011719,0.00782238540581948,0.007833624351797026,0.007825965764656136,0.945227786445811
TCGA-B6-A0RP-01A-21D-A099-09,0.005006135265775217,0.005008904319417013,0.005002905977781037,0.005007761211437227,0.2949584691332274,0.005011225556661669,0.00500754822365331,0.6749970503120472
TCGA-GM-A2DH-01A-11D-A17W-09,0.0007037976037547017,0.0951993409060055,0.28450565879925194,0.0007037010995207214,0.0007035956799409858,0.0007033929480232162,0.48490595886442794,0.132574554099075
TCGA-A8-A07P-01A-11W-A019-09,0.081776747868973,0.0024556428828319253,0.0024541793418045212,0.0024554734827612183,0.4070578225969485,0.21661445876553856,0.0024542362233044746,0.28473143883783775
TCGA-A7-A13E-01A-11D-A12Q-09,0.0023177022548926066,0.0023189417182138774,0.0023185878246557916,0.0023182747763156124,0.6002876501520904,0.09661035589671035,0.002318958018326906,0.29150952935879443
TCGA-AO-A12F-01A-11D-A10Y-09,0.1437884064794228,0.003576386746338767,0.0035726557232531883,0.003578216681231413,0.003578232437958416,0.117428216257971,0.003575176268101483,0.720902709405723
TCGA-C8-A275-01A-21D-A16D-09,0.0010096100074296994,0.001009781362316045,0.8118880601352942,0.0010102595414481753,0.0010098926033067215,0.001010131111888925,0.0021466417760461153,0.1809156234622701
TCGA-A8-A07O-01A-11W-A019-09,0.0029114727413113548,0.0029113646318731996,0.0029140845898428633,0.0029127151530087686,0.979613054501503,0.0029121650250525134,0.002912049354832923,0.0029130940025751794
TCGA-D8-A142-01A-11D-A10Y-09,0.0009632104662881463,0.0009633924152602305,0.0009630120318816262,0.0009634154392639142,0.20969322692437922,0.0009635168859396777,0.2888249411238032,0.49666528471318394
TCGA-E2-A1LA-01A-11D-A142-09,0.0014223800919984095,0.001423203925815311,0.0014223663377742556,0.0014224866093700706,0.0014224743623154712,0.0014231882955938364,0.2506942000569266,0.7407697003202062
TCGA-A2-A04P-01A-31D-A128-09,0.0009481692332920289,0.0009488517735414116,0.0009485770909355892,0.0009487024294865092,0.0009483263285371044,0.0009488555881837306,0.28194926006911614,0.7123592574869073
TCGA-A2-A0CS-01A-11D-A10Y-09,0.0034758098926980473,0.003479505325583488,0.0034745792846151884,0.0034771580138613953,0.44466048344645775,0.0034800603990856023,0.0034762142369696046,0.5344761894007289
TCGA-D8-A1Y0-01A-11D-A14K-09,0.0018964182715681913,0.3687249375132238,0.0018975335861958105,0.0018969088036107382,0.001897433840550541,0.15628227727286648,0.30808181454631695,0.1593226761656674
TCGA-BH-A0HI-01A-11D-A099-09,0.14425573905698305,0.004819399757246719,0.004814823196070629,0.004818961248494828,0.826837326990426,0.0048186465526600985,0.004819202753433167,0.004815900444685429
TCGA-BH-A0C7-01B-11D-A10Y-09,0.0025559900110457994,0.0025562866010833637,0.0025563987746911854,0.0025553037633986525,0.6991308353444173,0.12934123306765624,0.002556343979514028,0.15874760845819327
TCGA-PL-A8LZ-01A-31D-A36J-09,0.0014564234295852583,0.6413868624867178,0.0014560133836802598,0.0014566733587891665,0.34987456111397225,0.0014563612760700097,0.0014565396573780675,0.0014565652938070641
TCGA-BH-A0AY-01A-21W-A019-09,0.10488032084864793,0.002554959847781386,0.059190837100003245,0.1768286396344792,0.35643942737848644,0.002554412408824074,0.0025557293383773527,0.29499567344340033
TCGA-E9-A1RB-01A-11D-A17G-09,0.0036827074510481315,0.2884777411689318,0.003681272163246055,0.003686011016053422,0.0036837881355190672,0.3785593334197431,0.0036846329420234377,0.314544513703435
TCGA-B6-A0RS-01A-11D-A099-09,0.000823904176529856,0.20688505043715338,0.000823925506175582,0.07176038410426533,0.0008237797100251982,0.0008238187882833454,0.22123294395427667,0.49682619332329053
TCGA-E9-A3X8-01A-31D-A22X-09,0.00403614578377317,0.4060059511630363,0.12341663781247972,0.004040083034838372,0.45037872489964653,0.004039648598286061,0.004041537923015234,0.004041270784924631
TCGA-AC-A3QQ-01A-11D-A228-09,0.004645971525438428,0.004637897591583812,0.004632811308198617,0.0046404701314144365,0.30546240097544114,0.004637404605738865,0.004634767030351292,0.6667082768318335
TCGA-OL-A66J-01A-11D-A29N-09,0.0024577300995258507,0.1840119639021386,0.002456895150116119,0.1094534706591603,0.4152842408523942,0.2814233748476582,0.0024570979635564474,0.002455226525450301
TCGA-AN-A0XS-01A-22D-A10G-09,0.004815119125804705,0.26360926894231246,0.004814877465235129,0.004817400900141923,0.7074958862025015,0.004817472111098837,0.004813320126009556,0.004816655126895942
TCGA-AN-A0G0-01A-11W-A050-09,0.0039183792520390845,0.003914994201589681,0.003915114237610784,0.0039122419204990965,0.3051729368613045,0.003911322040246488,0.003914196026150821,0.6713408154605596
TCGA-D8-A73U-01A-11D-A33E-09,0.0009637694213957458,0.0009631703941691081,0.7903794522146138,0.0009631919523298548,0.1318469392810159,0.07295626752127547,0.0009635435636763109,0.0009636656515235458
TCGA-EW-A6SC-01A-12D-A32I-09,0.005212178089938526,0.33101443380818746,0.005219241864985982,0.3309589141719128,0.31194527556974555,0.005216696878508346,0.005215826014794353,0.005217433601927004
TCGA-BH-A0DV-01A-21D-A12Q-09,0.011368735801777953,0.01138720247225788,0.14388103097698351,0.011390705869805319,0.011383000383384412,0.011382317315457854,0.011379561659193318,0.7878274455211397
TCGA-AQ-A54O-01A-11D-A25Q-09,0.005696008236067043,0.2907275908578912,0.005689575745571881,0.11676687900002294,0.564046679119414,0.005690641581886285,0.0056895575291702385,0.005693067929976455
TCGA-A2-A0CU-01A-12W-A050-09,0.003209741309234484,0.0032111706959553595,0.0032138246922737276,0.11168098792550855,0.2212907547239965,0.0032096147921472835,0.003212315554513858,0.6509715903063702
TCGA-LD-A66U-01A-11D-A31U-09,0.0052128310349608105,0.26598461541009816,0.005214685807348517,0.005220394810101977,0.20140587092598397,0.23217823441495675,0.005216109938900076,0.27956725765764984
TCGA-AR-A2LH-01A-31D-A18P-09,0.0021603753230758156,0.12087257217295733,0.6747960110715683,0.00215934209593573,0.1935333055530695,0.002160392571516372,0.0021588530593581717,0.0021591481525189142
TCGA-HN-A2OB-01A-21D-A27P-09,0.008938061000872886,0.00894328885345866,0.19078512081688237,0.008941937888857405,0.008945224192010768,0.008948042293416544,0.008946445229821264,0.75555187972468
TCGA-AR-A1AO-01A-11D-A12Q-09,0.0015847326773880447,0.309850843421489,0.0015854673090434522,0.08438886671345328,0.15149243883131755,0.001584527046334909,0.4479280342001402,0.0015850898008334371
TCGA-D8-A27L-01A-11D-A16D-09,0.002844378503501012,0.0028483605764141927,0.3002300452923001,0.15890602945412555,0.5266310007916316,0.0028463820354371248,0.0028459198775172855,0.002847883469073116
TCGA-A8-A09M-01A-11W-A019-09,0.05637642961225153,0.27000873655816277,0.0009556074090508758,0.07368983289509859,0.0009556884953254104,0.0009561815661883801,0.21503217469404376,0.38202534876987865
TCGA-BH-A0E1-01A-11W-A071-09,0.0039129138216936815,0.003912570543053249,0.36756532226097427,0.09367873792554543,0.35170805077808487,0.17139297165415415,0.003915423922075099,0.003914009094419231
TCGA-D8-A1J8-01A-11D-A13L-09,0.02051704704824022,0.00016370638774093456,0.6001439880145601,0.049681068979288395,0.056920016971872094,0.2722467801983483,0.00016369373846672797,0.000163698661483128
TCGA-A8-A08R-01A-11W-A050-09,0.0005067094840899249,0.12998480344342597,0.0005068327939491317,0.0005070255474111673,0.0005069514854758508,0.12000555532015564,0.6727002218985416,0.07528190002695075
TCGA-BH-A1EV-01A-11D-A135-09,0.045327375238623124,0.0013040007048815245,0.5943563985018264,0.0013036707841424656,0.001304580187433258,0.09480827944647024,0.0013045060360432738,0.2602911891005797
TCGA-A8-A06T-01A-11W-A019-09,0.0046317370317085944,0.004638256206318307,0.15719699226534287,0.22064034884953793,0.004637603906010502,0.35798501962055146,0.004637221161486829,0.24563282095904346
TCGA-GI-A2C8-01A-11D-A16D-09,0.001088880543523809,0.25497216099769077,0.0010890951428005856,0.0010888444078141076,0.0010890353146120236,0.0010889664062217939,0.22790383868852693,0.51167917849881
TCGA-AR-A2LR-01A-12D-A18P-09,0.002276209025143682,0.0022775178020306357,0.0022764187166972594,0.0022781381780932895,0.25134150313617415,0.0022768337055071638,0.0022768041465959653,0.7349965752897577
TCGA-AO-A0JI-01A-21W-A100-09,0.007367609638352274,0.4283263189843913,0.007355967864010531,0.007368413564579779,0.527487609082158,0.007367508783806962,0.0073597022124103195,0.007366869870290952
TCGA-C8-A1HO-01A-11D-A13L-09,0.07381136018588741,0.10656062305086234,0.0036832080438879426,0.1387897864834482,0.29765129737120977,0.18601996652429298,0.18980055074752136,0.0036832075928899676
TCGA-AQ-A0Y5-01A-11D-A14K-09,0.0022353897162902276,0.0022363404609077684,0.0022362525184523125,0.002234933164956622,0.5419207642666556,0.05637315508595948,0.390526860670897,0.002236304115881033
TCGA-AR-A2LL-01A-11D-A17W-09,0.0356694150170228,0.003796370040780915,0.003793160774043675,0.0037972444468112607,0.5537073923484022,0.23647027923839864,0.0037962251726792588,0.1589699129618613
TCGA-A7-A0DA-01A-31D-A10Y-09,0.0008692483607361795,0.260560535633889,0.0008698518938460132,0.0008694724834971357,0.0008693773136529432,0.0008691781004746853,0.08437938368375475,0.6507129525301494
TCGA-B6-A1KC-01B-11D-A159-09,0.004472288030471143,0.004472936585696757,0.0044713105594936286,0.004474468428122071,0.3009355506247354,0.004473755904150499,0.0044726300615286225,0.672227059805802
TCGA-AC-A2QH-01B-04D-A22N-09,0.004044571893664586,0.004038424379663781,0.004039801412037058,0.004040996659670444,0.31773136753483894,0.41352947148551333,0.2485359689242285,0.004039397710383301
TCGA-GM-A2DO-01A-11D-A19Y-09,0.0007499708008678335,0.0007500879084042587,0.7951690163575859,0.058102962759646236,0.04706831817737893,0.0007501229810477775,0.09665950128048081,0.0007500197345883762
TCGA-E9-A247-01A-11D-A167-09,0.0032963177890836313,0.0032945660138256824,0.0032966694164595816,0.0032936341273799266,0.20891038402875817,0.31651525496121025,0.0032967620052252533,0.4580964116580576
TCGA-A8-A06Q-01A-11W-A050-09,0.0005262704444903038,0.0005261347982924782,0.7435125167695533,0.0005261785420086155,0.20440650432859975,0.0005262174992252469,0.049449882165655795,0.000526295452174629
TCGA-A2-A0YM-01A-11D-A10G-09,0.00156485376389709,0.001565757324589384,0.0015652392065286813,0.0015653979921622083,0.5473054130223067,0.0015662758443354269,0.4433015809030379,0.001565481943142427
TCGA-E9-A1R4-01A-21D-A14G-09,0.0010101171022263344,0.18953855262007016,0.6909892195183401,0.001010519680571549,0.0010101229191401505,0.11442149122449662,0.0010099551391330992,0.0010100217960220658
TCGA-OL-A5RY-01A-21D-A28B-09,0.013901674474436096,0.013905406249552422,0.013909315324764733,0.013909007914124836,0.4670801490324497,0.013914239099700349,0.013908565875522935,0.449471642029449
TCGA-D8-A1XV-01A-11D-A14K-09,0.004036357329067186,0.004041685076380883,0.00403887422316825,0.004039432527387939,0.5158640145647302,0.004042309009296012,0.11387776373678818,0.3500595635331813
TCGA-D8-A143-01A-11D-A10Y-09,0.0027796129844564455,0.0027835478747195554,0.002781564044209657,0.002783455868005428,0.002782712225371841,0.002781771873237064,0.0027829541657386236,0.9805243809642614
TCGA-BH-A18L-01A-32D-A12B-09,0.06907862494112486,0.0024082515736107628,0.002407747728376763,0.0024095856299019953,0.3012829324845143,0.13685631073779198,0.0024083019568133185,0.4831482449478659
TCGA-E9-A22G-01A-11D-A159-09,0.001346259783707902,0.3394732886204629,0.0013459244036270245,0.0013462805107709276,0.0013460714515872883,0.12234877335945667,0.28288327926795587,0.24991012260243142
TCGA-A2-A4RW-01A-21D-A25Q-09,0.0011592062487354837,0.08737505032439924,0.3832545307151693,0.07138920441256737,0.001159441784495467,0.08679394148880801,0.3677091044819717,0.0011595205438533558
TCGA-E9-A1R2-01A-11D-A14G-09,0.0025039514908285205,0.3510626418370377,0.002504093704169787,0.002504285401842363,0.13870497662236086,0.1532093010161585,0.3470059021998888,0.0025048477277133433
TCGA-AR-A0TS-01A-11D-A10Y-09,0.0016250987791326878,0.266660263569198,0.0016268660055705846,0.0016261630960450512,0.0016264943206623801,0.0016259348134849603,0.28249414071756024,0.44271503869834616
TCGA-A2-A0EP-01A-52D-A22X-09,0.013949344511877753,0.013906875331066042,0.01390966754314625,0.01390505278561507,0.013927201011552011,0.013933840899449036,0.9025563391161431,0.013911678801150847
TCGA-BH-A0HA-01A-11D-A12Q-09,0.0004257882456334773,0.00042591399926600386,0.10269766760660755,0.0004260215790465697,0.07005292204277416,0.8251198383674622,0.00042590792763827864,0.0004259402315719149
TCGA-E2-A1IG-01A-11D-A142-09,0.0030549619019889338,0.003054687354302689,0.0030531935210477254,0.003054206061958955,0.36201862329969553,0.003054197251306926,0.0030535276436688082,0.6196566029660305
TCGA-E2-A572-01A-13D-A31U-09,0.006586178793282572,0.0065876411847373036,0.1280444779513472,0.0065855203670669325,0.20119913819612809,0.28765463404496344,0.0065915467437965254,0.3567508627186779
TCGA-LL-A9Q3-01A-11D-A41F-09,0.002781207499599477,0.0027827814034243094,0.002782557909979221,0.0027828006396421524,0.40465388196650226,0.1351812682271401,0.0027820534042083686,0.4462534489495041
TCGA-A2-A259-01A-11D-A16D-09,0.00595952992028408,0.00596359971077497,0.005964330696325063,0.4147835332776954,0.3068677979151026,0.00596102200933993,0.24853583983314564,0.005964346637332299
TCGA-BH-A28Q-01A-11D-A16D-09,0.00596089706298082,0.005960503095280481,0.005963691719171294,0.12984375021684927,0.24572171141882437,0.005964244537023121,0.005963092509930942,0.5946221094399398
TCGA-BH-A0EI-01A-11D-A10Y-09,0.0065877890496514515,0.006592222182322426,0.0065844160853821615,0.18392522228189512,0.776528843634627,0.006591903408897637,0.0065917423549720034,0.006597861002252166
TCGA-E2-A15R-01A-11D-A10Y-09,0.0032097101107693275,0.11919343876027204,0.0032118012852123067,0.0032095280470330113,0.7281821110367463,0.13657258425579066,0.003210527813141425,0.0032102986910348607
