,Topic 1,Topic 2,Topic 3,Topic 4,Topic 5,Topic 6,Topic 7,Topic 8,Topic 9,Topic 10
TCGA-D8-A146-01A-31D-A10Y-09,0.003031470941412719,0.003030989453970255,0.0030311041674257804,0.0030310345750820217,0.7047008600628051,0.003031289767605122,0.0030309797484340296,0.2710502314278214,0.0030309424323751864,0.0030310974230686135
TCGA-EW-A2FW-01A-11D-A17D-09,0.004348228024062943,0.00434939730290531,0.004349150860937569,0.004349580375242425,0.4124942804393147,0.004349707156402052,0.00434879299469324,0.5527134402261404,0.004349086532947962,0.00434833608735345
TCGA-A7-A0CD-01A-11W-A019-09,0.0037044749798757002,0.003704622112516633,0.0037042964797103072,0.0037054203441166593,0.33385398744479733,0.0037048962958760047,0.00370494057811933,0.6365078127524045,0.0037049794233023465,0.0037045695892811386
TCGA-A8-A09K-01A-11W-A019-09,0.002381539327910478,0.002381434864589357,0.002381477514684437,0.0023814789909413136,0.6435279390431853,0.002381650486222351,0.00238156508934112,0.33741988247032234,0.002381536639296221,0.002381495573507007
TCGA-AR-A0U0-01A-11D-A10G-09,0.002857780000938949,0.19354658367586447,0.0028582689585329793,0.0028578558493785695,0.002857923562515432,0.0028582207175769214,0.6501127003430776,0.0028582313692848468,0.002857775913644567,0.1363346596091857
TCGA-A8-A07G-01A-11W-A050-09,0.0017247068755210833,0.0017246716644361382,0.10168595313374239,0.1346802515180144,0.21300205982233655,0.0017246907284252906,0.2379489466865212,0.30405938952554845,0.0017245916965751007,0.001724738348879244
TCGA-AR-A24Q-01A-12D-A167-09,0.0005748964026201754,0.04265281014429482,0.08358466350778658,0.21488856940440995,0.1734827754849812,0.0005748755914022779,0.4825167382042704,0.0005748610160587612,0.0005748885747384724,0.0005749216694373745
TCGA-D8-A27R-01A-11D-A16D-09,0.19895461482766794,0.0037048704524863993,0.003704833874068053,0.003704898538143224,0.16992070624248043,0.003704778981451754,0.6051906452107813,0.003705028213842109,0.003704910552787255,0.0037047131062915317
TCGA-D8-A1XR-01A-11D-A14K-09,0.004167087660441761,0.4755765059865918,0.004167235508115473,0.004167326869511473,0.004168123916099551,0.491084063565647,0.004167511009285294,0.004167598730695156,0.004167295021469989,0.004167251732142636
TCGA-B6-A0WV-01A-11D-A10G-09,0.0035719045512031663,0.11890090245431788,0.0035725417414386768,0.003571915787226486,0.18432660665287456,0.0035726790516504878,0.6717666998516079,0.0035726475243569745,0.0035719727252258525,0.0035721296600979228
TCGA-E9-A1NA-01A-11D-A142-09,0.08117747381775849,0.0011630888736299057,0.18951114965274293,0.08147501597166518,0.0011631140669112329,0.0011631585078890631,0.6408574923277924,0.0011632199621015667,0.0011631352697758545,0.0011631515497334008
TCGA-BH-A0BS-01A-11D-A12Q-09,0.006667216296720541,0.006667649408630722,0.006667752388507169,0.006667470875230276,0.6827149827276116,0.006668531884963394,0.006668450543064419,0.26394267743469757,0.006667600614126353,0.0066676678264481065
TCGA-B6-A1KI-01A-11D-A14K-09,0.12280039665834512,0.00500196807851531,0.005000911221486381,0.0050008412687693,0.005001467807335019,0.005001405575204313,0.5512179636945663,0.29097210560302716,0.005001021538236934,0.005001918554514156
TCGA-S3-AA11-01A-31D-A41F-09,0.0015156173418177854,0.08641712053993261,0.0015154846034441186,0.25073993273572254,0.22980204045460412,0.001515639663385506,0.30730565473902555,0.001515674847682519,0.0015155771031739424,0.11815725797121138
TCGA-A2-A0CR-01A-11D-A228-09,0.0007875842938291539,0.0007877484471751717,0.8553160510637762,0.0007876267258162547,0.09128811243127442,0.0007875864762483804,0.0007876427474287042,0.0007876210102822535,0.047882454203074395,0.0007875726010952102
TCGA-AO-A03O-01A-11W-A019-09,0.0012661219724128343,0.042401941444138974,0.0012660808167781464,0.0012661270924254012,0.001266184369438788,0.001266178428818758,0.5683687576954756,0.3803663736966409,0.0012661006178425658,0.0012661338660282556
TCGA-E2-A15L-01A-11D-A12B-09,0.00344939223763767,0.003449283246684175,0.003449693698840321,0.003448993680467536,0.0034493057002115794,0.0034492452411117925,0.4667932836285737,0.5056126248425358,0.0034490638422460403,0.0034491138816913464
TCGA-A8-A07F-01A-11W-A019-09,0.0037042354596593993,0.0037047525679433095,0.003705011821822176,0.0037045667362635057,0.003704915494446203,0.003704476661023787,0.3336204805839221,0.6367429401071453,0.0037044241862540244,0.003704196381520169
TCGA-A7-A6VV-01A-22D-A33E-09,0.0020414666521464757,0.0020416736537901565,0.22586371816415265,0.4062670343482974,0.0020414483362283277,0.3535789051693999,0.0020414767756307367,0.0020414937331310013,0.0020413568859196257,0.0020414262813036516
TCGA-A8-A095-01A-11W-A019-09,0.0006371602388085642,0.0006371810298629116,0.865206982617449,0.048579528854830266,0.0006371345662438676,0.0006371610544805592,0.03528906443597735,0.047101433690637864,0.0006371484916972304,0.0006372050200123681
TCGA-A2-A3XW-01A-11D-A23C-09,0.01429829357872592,0.014287661232611859,0.3472790709591426,0.014288044409074172,0.014290209409404859,0.014292751153018002,0.5383906867635143,0.014289840808493636,0.014288865527540126,0.014294576158474506
TCGA-A2-A0EO-01A-11W-A050-09,0.0034493333291199914,0.0034491758864591605,0.0034491509982353735,0.0034495185808315174,0.6698164862744936,0.30258841665239117,0.003449232584181599,0.0034494877782231454,0.0034500085301889284,0.0034491893858754393
TCGA-EW-A1J2-01A-21D-A13L-09,0.003031502806908837,0.003031356278911378,0.16702407756838364,0.0030312950583968666,0.24701239222693985,0.003031120779359762,0.0030310701073327888,0.4442193740410617,0.12355686994391692,0.0030309411887883215
TCGA-AR-A255-01A-11D-A167-09,0.14433377768342612,0.0016673949335862717,0.23287058518446155,0.28003049339989516,0.0016671985488924015,0.0016672377713924512,0.21315173996359849,0.121277190700645,0.00166716502772287,0.001667216786379688
TCGA-A8-A08P-01A-11W-A019-09,0.0014711757032976301,0.09589524266531747,0.22309673866462407,0.0014710029765718727,0.0014710579270191568,0.0014710800382403205,0.5076738720285422,0.16450773089159673,0.0014709587013266372,0.001471140403463886
TCGA-B6-A0RT-01A-21D-A099-09,0.001961378156446711,0.001961308104145457,0.001961491966297348,0.001961386629122613,0.001961209945337591,0.001961190094631488,0.8882075445348927,0.0019612563049417955,0.001961406463523115,0.09610182780066114
TCGA-A2-A0CQ-01A-21W-A050-09,0.0027037446430885656,0.002703584626291953,0.0027033365037422465,0.002703453098049687,0.41650776574566684,0.0027034539491698683,0.2671741358529019,0.29739325124799953,0.0027035337020217634,0.0027037406310679115
TCGA-B6-A0IE-01A-11W-A050-09,0.003125884367007042,0.00312575547875109,0.0031264279397220885,0.003125815557495969,0.3415388092406978,0.0031259874483335263,0.0031261466441705435,0.3768303685218398,0.2597490801886361,0.003125724613345942
TCGA-BH-A0W7-01A-11D-A10Y-09,0.0004696279440861896,0.0004695849498672654,0.9139851457195798,0.03760355670464397,0.04512399279025469,0.00046959482187156564,0.0004696285939239689,0.00046958381742345513,0.00046961544723626825,0.0004696692111128502
TCGA-A2-A0EQ-01A-11W-A050-09,0.0004292645706756178,0.000429275062667366,0.7005547534934737,0.00042930024897431423,0.0004293045331760138,0.035735437474382827,0.23570768567214126,0.00042930639101792,0.025426363574573115,0.00042930897891790533
TCGA-AR-A1AS-01A-11D-A12Q-09,0.12740239936504463,0.0025006544823077373,0.24068743729526404,0.0025005455315585496,0.3787031706347635,0.0025008036706490773,0.0025007915464392615,0.2382030244502778,0.002500459383013257,0.0025007136406819076
TCGA-D8-A27K-01A-11D-A16D-09,0.00500116491286258,0.005000940142863443,0.00500148770845873,0.005001723860750942,0.0050016451639441194,0.005001781014858773,0.217747653386131,0.5703649464972164,0.17687760173146666,0.005001055581447389
TCGA-BH-A0BF-01A-21D-A12Q-09,0.003226734325035162,0.06514023750246352,0.0032269182744892396,0.003226509490301897,0.003226855232951197,0.0032268745671834164,0.5968744912444784,0.31539841591999906,0.003226524274939207,0.0032264391681588516
TCGA-E2-A1IJ-01A-11D-A142-09,0.006668200365495839,0.006667823342178257,0.006667549906046546,0.0066684998553944224,0.006668484447126984,0.30127982254093244,0.006668475179108342,0.0066689114747546215,0.6453736777283844,0.006668555160577997
TCGA-BH-A1F5-01A-12D-A13L-09,0.0031262727022593403,0.003125840564623085,0.003125747954356435,0.003126311566012881,0.5368456070240506,0.003126161549747652,0.1425512670253553,0.29871979584380604,0.0031262566300681986,0.0031267391397204595
TCGA-BH-A0B5-01A-11D-A12Q-09,0.0016954981702596316,0.001695122866974581,0.772188509467711,0.0016954902683304085,0.0016954985712249707,0.11862810433601145,0.0016953786143310554,0.09731544363216768,0.0016955480063744423,0.0016954060666148052
TCGA-A2-A0YT-01A-11D-A10G-09,0.2641061944542664,0.0017245660633332526,0.0017247764283307987,0.0017246920138690846,0.0017246111695682583,0.0017246853659777784,0.5487801184117362,0.17504118715236594,0.0017245955672203443,0.0017245733733320323
TCGA-A8-A083-01A-21W-A019-09,0.0033343478421701375,0.0033340318802712104,0.003333903367787439,0.0033345908386921675,0.8397680686031733,0.003334485464506728,0.003334539060801926,0.003334255828916415,0.0033343823523366797,0.13355739476134382
TCGA-BH-A0B4-01A-11W-A019-09,0.0014713552163633716,0.001470980101532054,0.04811143816120071,0.16262798002921922,0.26346985789057764,0.0014710619480296466,0.5169639059175861,0.0014711531442598794,0.0014710442595929187,0.0014712233316384706
TCGA-EW-A1P8-01A-11D-A142-09,0.0028587000410023114,0.0028577182487904114,0.002858136374736106,0.002857910956700154,0.0028581613370591906,0.21503465380440107,0.7621003311341209,0.002858103453716277,0.002858040336028523,0.002858244313444953
TCGA-BH-A0GZ-01A-11W-A071-09,0.0031259495295063422,0.20165917528001884,0.003126241059239811,0.0031258870982009603,0.3020559075493342,0.0031257115966990814,0.4744035858188988,0.0031261938949323806,0.0031257942373720403,0.003125553935797608
TCGA-A2-A0CV-01A-31D-A10Y-09,0.004546904490185554,0.004546239901115305,0.004546665384693986,0.0045469520734189904,0.0045467758308838,0.004547023674192628,0.197378992371175,0.7662469380310347,0.00454687249001049,0.004546635753289387
TCGA-C8-A12Q-01A-11D-A10Y-09,0.09873872019259629,0.0008853463223693171,0.5978899158666493,0.09506799900724067,0.13533746185107315,0.0008852434228577235,0.0008852140462229287,0.06853967968210213,0.0008852272653345947,0.0008851923435537867
TCGA-AR-A1AL-01A-21D-A12Q-09,0.0037039570320122482,0.003704571146690426,0.090287849183873,0.0037050526165503545,0.558582675129614,0.003705012733964371,0.0037048644073904295,0.32519619941931405,0.0037052452348700286,0.003704573095721174
TCGA-BH-A1F6-01A-11D-A13L-09,0.002632157195938105,0.002632312128776586,0.0026324715963739176,0.0026322012461940532,0.0026325012361722087,0.002632394282564395,0.751060072475897,0.2278810988945072,0.0026321327040991073,0.0026326582394774257
TCGA-AO-A12H-01A-11D-A10Y-09,0.004547387273213505,0.004547099924235502,0.00454651620605635,0.004546480995801873,0.23800964732090593,0.00454636433471581,0.16927270329555943,0.5608908009935744,0.004546467592014783,0.004546532063922213
TCGA-B6-A0WY-01A-11D-A10G-09,0.004168837424833518,0.004167692099793655,0.1271843430676511,0.1317151780696482,0.004167915315314328,0.23801652266553172,0.47807571620002204,0.004168133397169412,0.0041678691103494,0.004167792649686694
TCGA-AN-A0XP-01A-11D-A117-09,0.0034501352076734626,0.0034492702963129845,0.2090480702808842,0.003449217137497931,0.401599168269654,0.2649768564500834,0.10367839943012176,0.0034491978530389695,0.0034493919904928457,0.0034502930842404502
TCGA-E9-A1NC-01A-12W-A16L-09,0.001429020675613463,0.08592823188490914,0.0014290955566056277,0.1808554163084677,0.001428998245522427,0.10196643623653938,0.6226756716884886,0.0014289922073035793,0.0014290173383066853,0.0014291198582435836
TCGA-LL-A740-01A-21D-A32I-09,0.0020843456577891092,0.002083758328893632,0.002084087764016626,0.0020839283380124102,0.7638447536102607,0.002083940618634793,0.0020839423104799695,0.21948317330643685,0.002083853171371621,0.0020842168941042115
TCGA-E2-A15S-01A-11D-A10Y-09,0.0018184398817617676,0.0018185925319262116,0.0018187896640419325,0.0018187481190622095,0.31924392125086115,0.001818771234761336,0.46266359729975093,0.0018187759099494813,0.2053616991683791,0.0018186649395058882
TCGA-AN-A046-01A-21W-A050-09,0.6962264290273881,1.677761823823619e-05,1.677597409976218e-05,0.006575700869100312,1.6777662529738013e-05,1.6777946549808944e-05,1.6777246757292587e-05,0.0023526423497418846,0.0040919876381346545,0.2906693536674603
TCGA-EW-A6SB-01A-12D-A32I-09,0.001695328070498219,0.0016954954716388226,0.0016955562884476668,0.0016955046375522363,0.001695477470208789,0.196361715967511,0.6037202833827985,0.18804991704784915,0.0016954504242288884,0.0016952712392667114
TCGA-E9-A1R5-01A-11D-A14K-09,0.002223001581304249,0.18101044759444088,0.0914217445398312,0.0022230054759037722,0.0022229665949591863,0.0022227383542619966,0.2759005129888794,0.4383298529353189,0.00222291310087574,0.0022228168342247234
TCGA-Z7-A8R5-01A-42D-A41F-09,0.00434843354662267,0.1502771875066168,0.0043490627119366805,0.004348848246452666,0.004348981999536958,0.24276936355410095,0.004348681857105219,0.5765125001853538,0.004348616389447096,0.004348324002827313
TCGA-BH-A1ES-01A-11D-A135-09,0.2293404280758416,0.004546239831086453,0.15138794027114819,0.44742662426123375,0.004546953904925958,0.14456475899548862,0.004546837465090073,0.004546877393946277,0.004546761828692883,0.004546577972546175
TCGA-A8-A07U-01A-11W-A050-09,0.05931400108876009,0.0015155081794120562,0.3796386245256277,0.15217672969542098,0.0015156287165973422,0.001515509629617528,0.2909549988949224,0.11033785297224949,0.0015155908372622663,0.0015155554601300706
TCGA-E2-A1B5-01A-21D-A12Q-09,0.0026323809810132664,0.0026324137930010586,0.5567517193649785,0.0026324140810968177,0.0026325391786072433,0.0026323821595358775,0.0026323754472264357,0.2692745400697501,0.0026321983630647043,0.15554703656172594
TCGA-C8-A9FZ-01A-11D-A41F-09,0.005263995973633294,0.005264168768585626,0.005265205680251294,0.005264689392978633,0.005264668182552977,0.005264815007398915,0.5928977985557541,0.36498581210110864,0.005264578615226091,0.005264267722510451
TCGA-E2-A15A-06A-11D-A12B-09,0.003030926591915408,0.22935838253100596,0.003032053635896014,0.0030313106455903084,0.003031270634937177,0.003031122193511841,0.060074562083837234,0.5544845295539921,0.0030312519361380963,0.13789459019317596
TCGA-B6-A0RG-01A-11W-A071-09,0.001695419365349595,0.05571507064938519,0.0016955480983713131,0.0016956640545739855,0.0016954103467353892,0.0016954249794378226,0.9307207368957658,0.001695398781109428,0.0016959642613091777,0.0016953625679622857
TCGA-E2-A1B0-01A-11D-A12Q-09,0.0019614325430707164,0.001961193468782842,0.08150182540510187,0.001961310559218272,0.3048414931163855,0.001961381547067433,0.24361445805022805,0.35827424460948826,0.0019612517256839563,0.0019614089749729986
TCGA-AO-A12A-01A-21D-A10Y-09,0.005882918765103677,0.005883350379497477,0.005884053337477136,0.005883860633215113,0.3225497666351013,0.00588375366720888,0.0058835685412722575,0.6303819694345005,0.0058838476198910215,0.005882910986732872
TCGA-A2-A0D2-01A-21W-A050-09,0.0011908387657558275,0.00119074413580762,0.0011908689297002997,0.0011907963905099326,0.21248757372362587,0.001190819083342233,0.7779859937319175,0.0011907798969379197,0.0011907552341532007,0.001190830108249596
TCGA-AN-A04C-01A-21W-A050-09,0.001299134774159734,0.0012990334025137305,0.0012990934612374474,0.001299148311693412,0.2963072051941716,0.15435345377275317,0.2284957601232792,0.26545358798850355,0.0012991846598111795,0.04889439831187703
TCGA-A7-A0CG-01A-11W-A019-09,0.0019613450205556377,0.001961440484898853,0.2373334217629665,0.0019613823161686085,0.001961337619617872,0.00196146585849667,0.2981970082268387,0.45073973468094747,0.0019613886772591156,0.0019614753522505042
TCGA-GM-A2DI-01A-31D-A18P-09,0.05850489556739791,0.0015637084263180883,0.9289914151817835,0.0015627165824884527,0.0015628566074847453,0.0015629451850700576,0.0015627954346227489,0.001563135675194664,0.0015626966766770147,0.0015628346629628334
TCGA-C8-A12K-01A-21D-A10Y-09,0.0007300543926973766,0.0007301208506790627,0.23076306368688151,0.09037819770635042,0.0007301534795368255,0.0007301038617979738,0.6737480041521753,0.0007300989649033824,0.0007301378703794513,0.0007300650345987035
TCGA-GM-A2D9-01A-11D-A18P-09,0.00019966413976324569,0.0001996599454342906,0.9693605307188237,0.0001996624549333019,0.00019966227669675587,0.00019966851664643764,0.00019965751526166718,0.029042172459622033,0.0001996542813316142,0.00019966769148700575
TCGA-A7-A26J-01B-02D-A272-09,0.005263874178266077,0.42669071579026074,0.0052640814802709214,0.005264601676411128,0.32271020258678956,0.005264368503563069,0.005265221368896387,0.21374804527288402,0.005264437966166881,0.00526445117649129
TCGA-LL-A5YP-01A-21D-A28B-09,0.0013337589821146602,0.0013337345231426967,0.0013337838023869707,0.1760319792221878,0.2595959249416865,0.0013337269462135185,0.5550359737023309,0.0013337070870568502,0.0013336964862788409,0.001333714306601265
TCGA-A7-A26J-01A-11D-A272-09,0.00416771565075943,0.3367524806591724,0.00416800332346052,0.22303377207249575,0.004168046373286629,0.004167499496287362,0.17412099935257244,0.24108589670563954,0.004167840571274531,0.004167745795051326
TCGA-HN-A2NL-01A-11D-A18P-09,0.001316224361284708,0.0013161399618285895,0.0013160503411575309,0.001316180207109795,0.0013161269428604442,0.001316182953049506,0.6076958087607979,0.10543114679102124,0.277659908759585,0.0013162309213052778
TCGA-AR-A24O-01A-11D-A167-09,0.004764171714915989,0.10921354765862668,0.004763182359714249,0.004763531983560915,0.004763467983363536,0.46962987751138047,0.3878102208171254,0.004763536054772322,0.0047633420607042145,0.00476512185583642
TCGA-A7-A26E-01B-06D-A272-09,0.002778685523330346,0.0027789978840635364,0.45718210900270556,0.0027786113768803076,0.0027787763486804163,0.0027785180737658326,0.002778716040908468,0.4786473403273818,0.04471979293144254,0.0027784524908411757
TCGA-A8-A07W-01A-11W-A019-09,0.000752164318801791,0.0007520763148274352,0.0007521608484677642,0.000752084371108482,0.0007521212114735226,0.2431692661735038,0.7508137875887197,0.0007521198945107584,0.0007520725920772001,0.0007521466865095604
TCGA-AN-A0AM-01A-11W-A050-09,0.0011768710774117208,0.0011767752066124764,0.051441566183258895,0.0011768728151552493,0.2940609240008381,0.0011768145920631385,0.47645255223759025,0.17098398255356848,0.0011768111725354842,0.0011768301609661473
TCGA-AC-A5EI-01A-11D-A27P-09,0.0037045488518812368,0.003705693300648041,0.16909031732210406,0.003704586774679394,0.48919650046879165,0.003704665623730038,0.003705111079248229,0.3157793745115483,0.0037045822359255327,0.0037046198314435864
TCGA-LL-A7SZ-01A-32D-A351-09,0.002084055781915646,0.1459228745600568,0.0020839108913908214,0.0020837915219767056,0.2193017136892791,0.29339231142382216,0.0020839761110218176,0.3288794760419934,0.002083885301300105,0.0020840046772433096
TCGA-A8-A09Q-01A-11W-A019-09,0.0006412368223740382,0.0006412056213850586,0.0006411918146597722,0.0006412031370989137,0.0006412312438285601,0.000641200870982641,0.5963271369409504,0.24554524116207951,0.09489283656926807,0.05938751581737312
TCGA-E2-A15E-06A-11D-A12B-09,0.0027030521357938766,0.002703491572680215,0.0027039687176497566,0.0027037000895296652,0.002703724155948109,0.502844996795894,0.47552686911305453,0.0027035761162001806,0.0027035359068374215,0.0027030853964122585
TCGA-B6-A0IJ-01A-11W-A050-09,0.000699589700086135,0.0006994827246216635,0.08204577691944995,0.0006995122045367049,0.0006994994854391274,0.0006994852878079779,0.8021791788400465,0.0006994733054092254,0.11087844063075993,0.0006995609018426828
TCGA-E2-A15E-01A-11D-A12B-09,0.0029417033804932866,0.002941829810237169,0.0029423426883872,0.06644190509449197,0.002942109114119801,0.2530999345896435,0.426360520367661,0.23644600867627613,0.0029420237677845198,0.002941622510905206
TCGA-A8-A0A4-01A-11W-A019-09,0.004762875548015003,0.2486479379095174,0.004762706983784809,0.004763465054354725,0.00476349534969232,0.004763009367434264,0.004763406040515141,0.5472489350726284,0.17076115957647725,0.004763009097580664
TCGA-E2-A1LL-01A-11D-A142-09,0.0024395819777652226,0.0024394986376233686,0.0024394034746773267,0.0024400141762353222,0.0024397218040113967,0.0024397820071016952,0.8961511669986976,0.08433117014695873,0.0024400760249777553,0.0024395847519516245
TCGA-AN-A0FY-01A-11W-A050-09,0.0020005979299668485,0.002000384978656521,0.0020006318192218307,0.0020005331907333493,0.22739075528688293,0.0020007135181357993,0.1518322607332248,0.6067727721473611,0.0020005818677443746,0.002000768528072422
TCGA-E2-A15J-01A-11D-A12Q-09,0.00434854711644603,0.00434913573144783,0.00434858163126659,0.00434947478409915,0.4923744602980197,0.004349111325121072,0.004349332244767531,0.47283298144881175,0.004349371681034192,0.0043490037389862105
TCGA-D8-A1XG-01A-11D-A14G-09,0.005003182822944548,0.005001328371061648,0.005002978282027364,0.47944055123392615,0.005001638693001956,0.4805443216953919,0.005001400703103619,0.0050017911197551175,0.0050013394159864,0.005001467662801214
TCGA-AR-A24L-01A-11D-A167-09,0.0023813307678811563,0.002381392871181887,0.0023817172599646277,0.002381816650883752,0.002381673356916796,0.0023815825021931587,0.9785658088683683,0.0023816237070665896,0.0023816212024507497,0.002381432813092768
TCGA-OL-A66O-01A-11D-A31U-09,0.004349201649975158,0.0043488925061918775,0.004348951978651443,0.2009360617265983,0.004349238053996546,0.004349270374289752,0.153933826431776,0.6146848850446988,0.004349345258758061,0.004350326975064253
TCGA-B6-A0X0-01A-21D-A10Y-09,0.15611319550731362,0.2472561178292902,0.0052660283741566265,0.005264847908970376,0.005264822134837181,0.005264924328623796,0.0052651216387618665,0.12660805438278885,0.4384321854401719,0.005264702455085621
TCGA-E9-A244-01A-11D-A167-09,0.0010871789267156763,0.001087368940618005,0.0010872288947597147,0.3161267979490478,0.001087297040972237,0.0010872868335250075,0.47165047898122947,0.2046118098245221,0.001087265735580495,0.0010872868730295805
TCGA-BH-A0EA-01A-11D-A10Y-09,0.0035723593889400696,0.0035726784166826204,0.003573077597304974,0.0035722448602406916,0.4506907089741794,0.003572630736561545,0.0035725562380267205,0.5207294781324289,0.003572167215625762,0.0035720984400093594
TCGA-BH-A8FZ-01A-11D-A351-09,0.0015158066107369714,0.0015156352248884065,0.001515700475188314,0.0015156045902136436,0.0015155957375195459,0.001515704071447866,0.9863588189517286,0.0015156925395185218,0.001515571132324528,0.0015158706664337085
TCGA-BH-A0AZ-01A-21D-A12Q-09,0.0017547703252395847,0.15334875967338588,0.1124151490254335,0.13506229494838426,0.0017549202555757842,0.0017548542674465971,0.5886445950034382,0.0017548749974500815,0.0017549084435463816,0.001754873060099613
TCGA-AO-A1KT-01A-11D-A13L-09,0.002174355113551185,0.0021744950421772294,0.0021746517884693706,0.0021745321520758197,0.002174653935705792,0.27126130291186934,0.6069885547245898,0.10652868005890609,0.002174466304288265,0.0021743079683669503
TCGA-EW-A1P4-01A-21D-A142-09,0.001563121144959533,0.054684702713580696,0.0015628142997212518,0.0015628695532553271,0.0015629254827309645,0.07126272129061823,0.8631119234543743,0.0015629824489083203,0.0015628674635463828,0.0015630721483050392
TCGA-E2-A14R-01A-11D-A10Y-09,0.0009263346660446575,0.0009262686461879961,0.0009262221498058745,0.0009262046342060353,0.058304236085932694,0.0009261737553317703,0.8165177333911273,0.0009261676722226501,0.11869439246871387,0.000926266530427097
TCGA-D8-A1JD-01A-11D-A13L-09,0.0010642029133961387,0.0010642220462344716,0.11175034293066274,0.2110418645208104,0.0010641754178048303,0.0010641793250757761,0.5810268871158636,0.001064153226150837,0.001064109081147578,0.0897958634228537
TCGA-B6-A409-01A-11D-A243-09,0.0027031322764946835,0.0027041178212158026,0.1945694012328347,0.00270385842336248,0.32540509543652063,0.0027035739733099577,0.0027035948359570715,0.46110036143298083,0.0027036652237405847,0.0027031993435832893
TCGA-A8-A06Y-01A-21W-A019-09,0.11837122787458997,0.0032267903804455494,0.0032270579781525748,0.18323239667856406,0.003226909419665404,0.003226781786442265,0.5120813102035643,0.16695392116765678,0.0032267432792757356,0.0032268612316434016
TCGA-E9-A248-01A-11D-A167-09,0.005883769881794875,0.005883306457984594,0.2447898982417395,0.005886098266417848,0.0058851773273905375,0.005885347728798443,0.005885033860200978,0.7081320231784084,0.00588543801627335,0.005883907040991633
TCGA-AN-A0FX-01A-11W-A050-09,0.0011241231426183823,0.0011239001077079209,0.001123938186226139,0.001123941132608095,0.0011239645091523974,0.0011239438442770032,0.7413448664277605,0.14821583292985063,0.10257143487708446,0.0011240548427143948
TCGA-B6-A0X1-01A-11D-A10G-09,0.08342395700233655,0.001370333560937803,0.0013703064738036109,0.001370198982169611,0.0013703016745820458,0.0013702362865337585,0.9056140313892179,0.0013702275143239067,0.0013702094648429305,0.0013701976512516564
TCGA-A7-A0D9-01A-31W-A071-09,0.0045461021758715385,0.0045465893404416586,0.12053831356198318,0.004546879409095807,0.6694149826803125,0.004546894597693797,0.004546764308924278,0.17821958879425986,0.004546977435118951,0.004546907696298455
TCGA-A2-A3Y0-01A-11D-A23C-09,0.0005815472871758604,0.0005815605801240593,0.000581581350462243,0.0005815658411952409,0.0005815700506283577,0.03842749605552784,0.9115890566576864,0.0005815666375929326,0.04591252047991288,0.0005815350596941616
TCGA-E2-A15K-01A-11D-A12Q-09,0.002381700636204743,0.002381657371423415,0.002381319384052813,0.21434978720913822,0.3286385875250668,0.0023817219194640377,0.0023816403017889163,0.4403399744028174,0.0023816913257767997,0.002381919924266762
TCGA-E9-A22E-01A-11D-A159-09,0.0008334960497392135,0.0008335497220944858,0.16438358236536568,0.2130580858170834,0.0008335695875654974,0.0008335472113754468,0.6167234698177554,0.000833571515069158,0.0008335694428856899,0.0008335584710660135
TCGA-BH-A1EU-01A-11D-A135-09,0.00555594628605631,0.005558811407043691,0.005558079736008481,0.005557332489541001,0.7111285112483343,0.0055569929355335605,0.005557578308590129,0.24441347718290354,0.005557012414398158,0.0055562579915908435
TCGA-E2-A15H-01A-11D-A12B-09,0.0032267787272763915,0.0032265593253466675,0.0032280058182219706,0.1803551275516698,0.21065567786052966,0.33044358876742685,0.0032270949318405355,0.2591838845815465,0.0032267627713917133,0.0032265196647499033
TCGA-3C-AALI-01A-11D-A41F-09,0.022778901238364267,0.0001799080014667933,0.8540851993056581,0.04177855025553786,0.00017990574001742427,0.0001799068959897448,0.05589077325447676,0.0245670489161827,0.00017990671675283744,0.00017989967555352978
TCGA-C8-A130-01A-31D-A10Y-09,0.0021744841726627443,0.0021743961871711686,0.0799844678106138,0.0021744393173988817,0.002174470014202186,0.002174650787397458,0.32113691801628425,0.5836572976864837,0.0021745351920591438,0.002174340815726762
TCGA-AC-A6NO-01A-12D-A33E-09,0.0035728073245004767,0.003572907825511194,0.2464574310248028,0.003572376823006963,0.003572752884467458,0.5030022961707701,0.0035724018420631174,0.003572702196310209,0.22553195305756854,0.0035723708509989606
TCGA-AC-A8OS-01A-12D-A41F-09,0.0021740774603573806,0.002174828878949852,0.16072096808675743,0.002174597401338995,0.19707002671918797,0.0021745829263256364,0.472658018034452,0.15650411955519103,0.002174593420714328,0.0021741875167253003
TCGA-D8-A1J9-01A-11D-A13L-09,0.08060273139203153,0.00048789763847851956,0.8129102618860349,0.06060557399723649,0.00048796344198081973,0.0004879475641507281,0.04295376707473798,0.0004879608434904151,0.0004879612576360517,0.0004879349042226166
TCGA-C8-A8HR-01A-11D-A36J-09,0.002857729506309178,0.0028579091009736796,0.0028579230301328897,0.0028580083612142347,0.24249239262078134,0.002857913903315377,0.5380756601266381,0.1994269355669324,0.0028579539812633873,0.0028575738024395427
TCGA-EW-A1PG-01A-11D-A142-09,0.3072254089133497,0.009093236357204246,0.009092273889362592,0.009094950807567819,0.34642594658747494,0.009093319269405042,0.009092963438696925,0.28269460183402145,0.009094617403114895,0.009092681499802484
TCGA-E2-A1B4-01A-11D-A12Q-09,0.0028583867307149253,0.6826675343987801,0.094489631775825,0.0028581588185257294,0.20283557590463075,0.0028581960955588316,0.002858232890237811,0.0028580751197290386,0.002858085448551518,0.0028581228174462273
TCGA-D8-A1JS-01A-11D-A13L-09,0.004350665380135523,0.004348936689709018,0.004349610327115614,0.004349151066810795,0.6051320937662727,0.004348859545240833,0.004349422418218357,0.36007152728190145,0.004349119418003969,0.004350614106591765
TCGA-D8-A27T-01A-11D-A16D-09,0.004000509712397682,0.004001421365440022,0.1719021529695482,0.004001252465005925,0.0040012515526116794,0.004001452240198181,0.004001273711810111,0.5889367564791683,0.21115326276766583,0.004000666736154217
TCGA-D8-A3Z6-01A-11D-A23C-09,0.004547333690384925,0.07987052546004048,0.12461323580419352,0.00454685810860259,0.00454680121166354,0.23051148619309794,0.5377222170831337,0.004547091143391078,0.004546666200139883,0.004547785105352464
TCGA-A2-A1G1-01A-21D-A13L-09,0.003449593192365153,0.003449249552977498,0.0034495483890620193,0.0034493013373220493,0.003449493162677484,0.003449217236760618,0.7084008258669846,0.1191722772184199,0.14828122284585749,0.00344927119757342
TCGA-OL-A66H-01A-11D-A29N-09,0.005556222624534152,0.0055576032783396165,0.005556501318202135,0.005557039562303326,0.36652673246453044,0.19685874560837108,0.3977164392570707,0.00555741827470369,0.00555690269466444,0.00555639491728041
TCGA-D8-A1JI-01A-11D-A13L-09,0.003031313155330679,0.0030315602619508065,0.003030737553609831,0.0030313786233795536,0.6700413270505299,0.0030312389006610973,0.00303097354985853,0.30570924714808756,0.00303122690560849,0.0030309968509834996
TCGA-AN-A0FT-01A-11W-A050-09,0.0009712132390232795,0.07298134289808757,0.28826465759970205,0.0009711517754633375,0.2268584113623046,0.0009711597283891917,0.0009711904501658582,0.4060684968354527,0.0009711374738767579,0.0009712386375345818
TCGA-BH-A0AV-01A-31D-A10Y-09,0.0014930117435654657,0.0014928747425257242,0.001493018573775918,0.001492997965194563,0.30497068334001354,0.001493042135663724,0.6130483039831185,0.0014929946357795732,0.0014930252280690012,0.07153004765229404
TCGA-A1-A0SM-01A-11D-A099-09,0.22742259600746587,0.004168156541893118,0.004167151217839674,0.004168176875528038,0.2976632750061744,0.004168291679613979,0.004167938545982321,0.4457383454698562,0.004168061966538403,0.004168006689107793
TCGA-BH-A1FM-01A-11D-A13L-09,0.0018875999375722434,0.0018876399952615786,0.30516141909426625,0.001887430314236737,0.3243599638067297,0.0018873103519297027,0.0018874381569788468,0.3572662942091407,0.0018873640935565524,0.0018875400403276972
TCGA-BH-A1EX-01A-11D-A13L-09,0.1539984276150757,0.005001859798879918,0.005000346640191295,0.005001509950161092,0.005001651370591137,0.005002036792969032,0.30159554362424806,0.509395594592394,0.0050018042789630075,0.005001225336526671
TCGA-AR-A1AN-01A-11D-A12Q-09,0.0038471541027020268,0.003847194266849773,0.09831468989283601,0.0038469828867733233,0.0038474632524566166,0.0038474654810778746,0.28757925098427944,0.5871761541754071,0.0038468339038984466,0.0038468110537194385
TCGA-C8-A12L-01A-11D-A10Y-09,0.0014495976245361085,0.0014497639735267488,0.0014495764540192041,0.0014497249464146239,0.09066346115202767,0.0014497218193920483,0.599077767124639,0.20503466449449118,0.09652613128377012,0.0014495911271836047
TCGA-B6-A0I9-01A-11W-A050-09,0.001408870676798265,0.1729414095021703,0.0014089221624201203,0.0014088641128225132,0.001408884738400604,0.0014088563376089996,0.3401466127294886,0.477049936915625,0.0014088320598367805,0.001408810764828675
TCGA-UU-A93S-01A-21D-A41F-09,0.000699437628399147,0.0006995253042911643,0.04142002966070622,0.330634586552043,0.12021602786335416,0.13607313316348188,0.3681587794451038,0.0006995126641158599,0.0006994989417038392,0.0006994687768009079
TCGA-BH-A6R9-01A-21D-A32I-09,0.20828905489834187,0.010001750802668326,0.0100016280754463,0.010001810471319763,0.010002894917552138,0.010001444949001471,0.7116953287358412,0.010001332234533887,0.010001862361186276,0.010002892554108725
TCGA-AO-A0JG-01A-31D-A099-09,0.006250355673891691,0.006251447082381402,0.00625124667155356,0.453292128242636,0.49669743767772156,0.006251630413740385,0.006252360154196885,0.006250751206442461,0.00625186175843948,0.00625078111899678
TCGA-B6-A0RP-01A-21D-A099-09,0.0040008668850543315,0.12662575257204126,0.004000501437114706,0.004001159805188863,0.004001451011100814,0.004001251042622134,0.2900038612355152,0.36184371242205904,0.19752061613703353,0.004000827452270131
TCGA-GM-A2DH-01A-11D-A17W-09,0.000562000405512643,0.0005619503987168072,0.414049257407173,0.11463817189181505,0.000561964066689152,0.000561952071348061,0.46737878247750014,0.000561962944354961,0.0005619698463037976,0.0005619884905862629
TCGA-A8-A07P-01A-11W-A019-09,0.001961415399347495,0.09989847855940283,0.0019613375406307204,0.0019614826132095965,0.3051902449294269,0.1530934957510861,0.0019613258251185224,0.358689395916015,0.0019614381235323886,0.07332138534223039
TCGA-A7-A13E-01A-11D-A12Q-09,0.0018523309553824523,0.0018523500993735515,0.00185255454330671,0.0018524144591334705,0.17253845300724582,0.001852474840457581,0.12789736663658607,0.5638250968219239,0.12462467279837432,0.0018522858382162563
TCGA-AO-A12F-01A-11D-A10Y-09,0.002857942043260433,0.002857696802648622,0.0028573300457884533,0.0028581966468265727,0.0028580835351623758,0.011847089796594974,0.32147467758718196,0.49582524419980617,0.0028580933551988425,0.1537056459875316
TCGA-C8-A275-01A-21D-A16D-09,0.0008066679324599485,0.0008066111661530205,0.8088306990909451,0.0008067069321542645,0.0008067179468227899,0.0008067118497115178,0.18471580526998968,0.0008067062997304476,0.0008066861649202085,0.0008066873471129827
TCGA-A8-A07O-01A-11W-A019-09,0.00232640427286272,0.0023262538088854637,0.3106668539353938,0.0023260500745591987,0.19688186940951097,0.002326205150880867,0.0023262065285042564,0.47616774610200924,0.002326046411942299,0.0023263643054512
TCGA-D8-A142-01A-11D-A10Y-09,0.0007694724456077263,0.0007694614913095273,0.0007694809543478947,0.0007695034486757932,0.0007694701342014464,0.0007694669100527543,0.7399311506054447,0.2539130285675054,0.0007694902175901268,0.0007694752252646741
TCGA-E2-A1LA-01A-11D-A142-09,0.001136633733403497,0.0011367226147669023,0.0011365989632995273,0.0011367198356690674,0.001136694504176585,0.0011367273776582661,0.9349802671732304,0.0011366920650309443,0.05592631470389849,0.0011366290288664337
TCGA-A2-A04P-01A-31D-A128-09,0.0007577946902066566,0.0007578208624742731,0.0007577828067545216,0.12653333101245648,0.0007577991415603265,0.0007578058762139374,0.867404339661737,0.0007577858847527761,0.0007577959511426144,0.0007577441127015244
TCGA-A2-A0CS-01A-11D-A10Y-09,0.0027781909294444375,0.11043632741706237,0.0027783320735509987,0.2077734132883631,0.0027785995100371445,0.0027787210684340645,0.002778654544546126,0.6623408725430446,0.0027786071144093477,0.0027782815111076823
TCGA-D8-A1Y0-01A-11D-A14K-09,0.0015155037331916706,0.08213051187434879,0.00151564965941779,0.16806079541014263,0.001515656544274784,0.0015156626305597803,0.7391993262769031,0.001515617349914776,0.0015156403769720698,0.001515636144274605
TCGA-BH-A0HI-01A-11D-A099-09,0.1632128353809112,0.19343323236920498,0.0038476058775384165,0.0038474088166275764,0.31339338709576375,0.0038472360159836115,0.0038471612755072416,0.3068766145042684,0.0038470784840206164,0.0038474401801740156
TCGA-BH-A0C7-01B-11D-A10Y-09,0.0020414773639006244,0.0020415094068486034,0.002041562208589904,0.00204161647991099,0.002041489564509984,0.002041614312865401,0.3702647418530254,0.613402722385709,0.0020415905349392815,0.0020416758897007113
TCGA-PL-A8LZ-01A-31D-A36J-09,0.06739969170142306,0.001163121043605017,0.0011632351349738514,0.49805010273528716,0.2607262146961786,0.001163126949080332,0.0011631444300001313,0.16684511414311823,0.001163135675942255,0.0011631134903914487
TCGA-BH-A0AY-01A-21W-A019-09,0.14439412744910046,0.0020415355752304797,0.10466292249700189,0.002041460611475251,0.29568282271840174,0.0020413666505198027,0.21939098851896507,0.22566199756491795,0.0020413939624161236,0.002041384451971293
TCGA-E9-A1RB-01A-11D-A17G-09,0.0029418815286752623,0.002941985628254205,0.002941612113503477,0.18320324679763397,0.0029419886902135456,0.4605544252301597,0.3356489795529126,0.002942114868106134,0.0029420239660429694,0.002941741624498031
TCGA-B6-A0RS-01A-11D-A099-09,0.0006581348220546105,0.0006581249017061056,0.0006580834259053619,0.09651972130081528,0.2064024604446412,0.0006580982133414151,0.692471049702266,0.0006580977345244001,0.0006580775230326044,0.0006581519317129245
TCGA-E9-A3X8-01A-31D-A22X-09,0.0032263591361331306,0.08616987664091491,0.16342379699154258,0.00322678184953078,0.0032269841559998316,0.0032265073571578914,0.3281225512657365,0.4029241114304405,0.003226679203445167,0.003226351969098676
TCGA-AC-A3QQ-01A-11D-A228-09,0.0037047906731001137,0.3331006004997884,0.003703997514970763,0.0037043620878923207,0.2418768770615609,0.003704796870007621,0.0037045491873247977,0.399090209444624,0.0037045023625759013,0.003705314298155205
TCGA-OL-A66J-01A-11D-A29N-09,0.0019616107333840695,0.001961724443808308,0.06666283982290479,0.0019614151861488535,0.2646062149358636,0.2579727500565883,0.001961414267452906,0.2967022113522164,0.10424810837394773,0.0019617108276847634
TCGA-AN-A0XS-01A-22D-A10G-09,0.003847543672115692,0.0038472613040463023,0.003847514607649176,0.003847289073018476,0.633884586352078,0.003847167405005704,0.0038470802930766533,0.33533673201781344,0.0038472611206305666,0.0038475641545658006
TCGA-AN-A0G0-01A-11W-A050-09,0.0031256858123036983,0.10963148568067643,0.0031261721180805323,0.0031258958932359874,0.003125789880055028,0.0031256766662027305,0.24704475416474847,0.38963607692987234,0.23493261749207833,0.003125845362746482
TCGA-D8-A73U-01A-11D-A33E-09,0.0007695318444408419,0.0007693942100834079,0.8048508301434385,0.0007694689263708926,0.13105885933507141,0.0007694987877778769,0.0007694709378896073,0.058703890017092496,0.0007695478850443951,0.0007695079127906241
TCGA-EW-A6SC-01A-12D-A32I-09,0.004167207893348144,0.004167689936844656,0.004168281994781354,0.19898032554259365,0.6591629611041959,0.1126821573860795,0.004167768156645998,0.0041679726676803605,0.004168116581488873,0.004167518736341498
TCGA-BH-A0DV-01A-21D-A12Q-09,0.009091301342392328,0.009092233754711437,0.00909332466111891,0.009095021692094208,0.9181652320533077,0.009092125393458212,0.009093277711332119,0.009091958044349296,0.00909378497410774,0.009091740373128258
TCGA-AQ-A54O-01A-11D-A25Q-09,0.0045477575701488365,0.0045471322874916726,0.004547133440480866,0.004546954786645327,0.42127479127181183,0.004546559865584567,0.00454702577658446,0.5423471670406155,0.004546925833449657,0.004548552127187293
TCGA-A2-A0CU-01A-12W-A050-09,0.002564909229426227,0.07846818756716095,0.002565044311914073,0.002564861361059401,0.3127190915199137,0.002564774547811959,0.3599794015937851,0.23344426646995187,0.002564836638670185,0.0025646267603067078
TCGA-LD-A66U-01A-11D-A31U-09,0.004167190707667137,0.004167934989565691,0.00416744545006754,0.19056137924296757,0.3438998305197532,0.004167979023143374,0.004168166455742699,0.4363641861609522,0.0041679558102118465,0.0041679316399286966
TCGA-AR-A2LH-01A-31D-A18P-09,0.07046064092224269,0.0017249329024498395,0.7221398195623673,0.001724643888781656,0.0017247394519994612,0.0017246864344937468,0.001724788653107887,0.10014728118875062,0.09690382453668481,0.0017246424591221066
TCGA-HN-A2OB-01A-21D-A27P-09,0.007143965876125518,0.007143895821316422,0.18332224690118779,0.007145240569046518,0.007144641917485667,0.34753596431841827,0.4191289568714699,0.007145239620392654,0.007145375897028805,0.007144472207528345
TCGA-AR-A1AO-01A-11D-A12Q-09,0.0012661706220456121,0.0012661476176822535,0.17261086831926312,0.0012661979161766785,0.0012662325527668683,0.0012661564808550238,0.736708217732142,0.0012662448746911484,0.08181753198722748,0.0012662318971497957
